2.5

46

327

131

0 158683.0 26 #

1 649626.0 2 3 4 5 8 9 #

1 705950.0 1 2 3 4 5 8 #

1 605097.0 1 2 3 4 8 9 #

1 586878.0 2 3 4 5 8 24 #

1 580069.0 2 3 4 5 8 15 #

2 312124.0 6 7 12 13 19 #

2 281449.0 6 12 13 14 19 #

2 215606.0 6 11 12 13 14 #

2 188782.0 14 19 26 27 30 #

2 145790.0 7 12 14 21 31 #

3 162926.0 30 31 #

4 101021.0 30 #

5 195805.0 0 1 #

6 107168.0 22 #

7 787500.0 19 20 21 22 26 27 28 29 33 34 #

7 887420.0 10 11 16 17 19 20 26 27 31 32 #

7 860417.0 19 20 21 22 25 26 27 30 31 33 #

7 747017.0 20 22 23 26 27 28 29 31 32 34 #

7 746727.0 5 22 26 27 28 29 31 32 33 35 #

8 101399.0 29 #

9 118858.0 44 #

10 196023.0 25 30 #

10 250486.0 30 35 #

10 165289.0 24 25 #

11 221241.0 41 #

12 198904.0 28 33 #

12 197515.0 28 29 #

12 146384.0 27 33 #

13 146622.0 8 #

14 178991.0 1 8 9 15 #

14 152183.0 8 14 15 22 #

15 431718.0 2 3 8 #

16 119980.0 45 #

17 76724.0 31 #

18 178562.0 5 #

19 116329.0 4 #

20 84816.0 39 #

21 269636.0 0 1 2 6 #

21 270085.0 1 2 8 27 #

21 260970.0 0 1 2 8 #

21 247057.0 0 1 6 13 #

22 118509.0 34 #

23 127804.0 9 #

24 163373.0 11 #

25 52006.0 12 #

26 64620.0 15 21 #

27 264672.0 8 9 15 #

27 226518.0 2 8 14 #

27 208073.0 3 4 11 #

28 241108.0 0 1 42 #

29 202834.0 17 #

30 431031.0 19 24 30 31 32 #

30 405828.0 25 27 30 31 32 #

30 405215.0 22 27 28 32 33 #

30 253433.0 19 24 25 30 31 #

30 223196.0 0 9 16 31 32 #

31 120445.0 37 #

32 229773.0 8 9 #

32 210975.0 8 15 #

33 115923.0 40 #

34 227838.0 25 32 #

34 145593.0 27 32 #

35 147297.0 24 #

36 149892.0 18 #

37 178608.0 36 #

38 315844.0 4 8 9 #

38 335663.0 4 9 11 #

38 328932.0 4 5 9 #

39 71038.0 25 #

40 150610.0 9 15 #

40 43799.0 15 22 #

41 111550.0 15 21 #

41 71489.0 15 16 #

42 199393.0 6 7 12 14 15 19 20 25 26 #

43 109851.0 27 #

44 509157.0 3 4 9 16 22 26 27 32 #

44 762829.0 3 4 8 9 11 24 30 31 #

44 630242.0 18 19 20 26 27 29 32 34 #

44 598490.0 1 13 19 24 26 27 32 33 #

44 514780.0 6 9 10 12 13 14 19 24 #

45 164219.0 38 #

46 129651.0 43 #

47 64480.0 20 #

48 399407.0 24 25 26 27 30 31 32 40 #

48 587531.0 3 15 20 21 22 25 26 31 #

48 513777.0 8 14 19 25 28 29 30 31 #

48 448323.0 7 12 13 14 19 24 30 31 #

48 412700.0 1 6 7 12 13 14 19 40 #

49 246176.0 29 34 #

49 295369.0 28 29 #

50 393858.0 18 20 24 25 #

50 457475.0 18 24 25 31 #

50 388910.0 20 24 25 30 #

50 372089.0 24 25 26 31 #

50 365774.0 19 25 31 42 #

51 350185.0 16 17 35 #

51 252356.0 16 17 22 #

51 214700.0 27 28 35 #

52 122663.0 23 #

53 82983.0 15 20 #

53 122608.0 20 21 #

42 224116.0 9 14 15 20 21 22 26 27 28 #

54 206379.0 16 22 23 #

54 255208.0 17 23 29 #

54 205350.0 22 23 27 #

54 124838.0 10 16 17 #

55 297705.0 0 1 6 8 12 14 15 19 20 21 22 26 #

56 350037.0 6 12 13 19 25 26 33 #

56 521762.0 1 20 26 27 32 33 43 #

56 505017.0 13 14 15 20 26 27 33 #

56 353563.0 15 17 22 23 25 29 30 #

56 179772.0 6 12 13 19 20 24 25 #

57 118692.0 19 #

58 204207.0 1 6 12 #

59 243618.0 26 27 33 #

59 299530.0 26 27 28 #

59 198322.0 23 27 33 #

59 163627.0 13 26 31 #

60 731859.0 2 3 4 5 10 11 17 23 #

60 799015.0 3 4 5 10 11 16 17 43 #

60 709062.0 3 4 8 10 11 15 16 17 #

60 666654.0 2 3 4 9 10 11 16 38 #

60 608876.0 2 3 4 8 15 16 22 35 #

61 211228.0 16 17 22 #

62 224207.0 3 4 #

62 267407.0 2 3 #

62 210249.0 4 5 #

63 212416.0 15 16 17 #

63 263581.0 11 17 18 #

63 247893.0 10 11 16 #

42 236896.0 15 20 21 22 25 26 30 31 33 #

64 175426.0 6 #

65 113955.0 7 #

66 324845.0 27 28 33 #

66 350701.0 27 28 41 #

66 279083.0 27 29 34 #

66 173002.0 16 28 33 #

67 190208.0 16 18 24 34 #

67 195119.0 18 19 24 25 #

68 302076.0 23 28 29 #

68 352568.0 26 28 33 #

68 265982.0 22 23 29 #

68 128813.0 21 22 29 #

69 187080.0 2 #

70 179415.0 27 33 #

70 193491.0 28 33 #

70 166509.0 26 27 #

71 301585.0 4 9 #

72 371860.0 4 5 9 15 16 22 #

72 345224.0 1 4 5 8 9 10 #

72 313174.0 4 5 10 11 34 40 #

73 157157.0 16 17 22 #

58 232960.0 12 27 28 #

74 120308.0 3 #

75 143343.0 28 #

76 380876.0 25 30 31 #

76 392320.0 24 30 31 #

76 269115.0 26 31 32 #

76 189517.0 19 25 26 #

77 200592.0 0 1 8 9 15 #

77 299596.0 1 8 9 14 19 #

77 286275.0 8 13 14 19 21 #

78 161198.0 42 #

79 134628.0 32 #

80 167294.0 22 23 29 #

80 213002.0 16 22 27 #

80 180837.0 10 23 29 #

81 289721.0 0 15 16 22 23 #

82 58315.0 10 #

42 168748.0 15 18 19 25 26 27 30 31 32 #

42 248090.0 1 5 18 19 20 25 26 27 30 #

83 229921.0 28 33 #

83 227311.0 26 33 #

83 179880.0 27 28 #

84 756884.0 1 2 3 6 8 13 14 15 20 21 #

73 354036.0 4 9 10 #

85 396090.0 0 1 2 6 8 14 15 25 #

86 202098.0 10 11 #

87 561073.0 4 9 11 15 16 17 43 #

88 410599.0 28 33 35 #

88 346670.0 28 29 35 #

88 252072.0 27 28 33 #

88 203560.0 1 27 33 #

89 254533.0 1 8 12 14 19 20 21 22 #

89 360199.0 19 20 21 24 25 30 31 32 #

89 344641.0 16 21 22 23 26 27 28 29 #

89 312616.0 8 14 15 19 20 21 22 26 #

89 275361.0 1 2 3 8 14 15 20 21 #

90 115165.0 20 21 #

91 136540.0 35 #

81 377514.0 6 10 11 16 34 #

92 136344.0 16 21 22 23 #

93 142301.0 9 10 #

94 70477.0 0 #

73 421684.0 4 11 17 #

87 735052.0 4 5 10 11 16 17 23 #

87 760433.0 22 23 27 28 29 34 35 #

87 720937.0 4 10 11 17 21 22 23 #

87 576485.0 4 5 7 10 11 12 17 #

95 249214.0 28 33 #

95 223302.0 28 29 #

95 192933.0 27 33 #

85 460419.0 1 2 3 8 14 15 16 22 #

85 531929.0 1 3 8 9 13 14 15 42 #

85 494438.0 0 1 2 3 4 8 10 14 #

85 467311.0 1 2 3 8 9 14 15 16 #

92 161569.0 22 23 29 34 #

92 222804.0 4 23 28 29 #

96 310246.0 11 17 23 #

96 346693.0 16 17 23 #

96 231285.0 4 10 11 #

97 245937.0 25 26 30 32 #

97 227346.0 18 24 25 30 #

97 220627.0 22 25 27 32 #

97 172995.0 20 25 30 31 #

97 58806.0 20 26 27 32 #

98 469079.0 0 1 2 8 #

98 449952.0 0 1 8 21 #

98 379244.0 0 1 2 6 #

98 335641.0 2 8 14 19 #

99 300550.0 24 30 31 45 #

99 261615.0 24 25 30 32 #

99 207748.0 9 10 14 45 #

99 207602.0 12 19 25 30 #

99 204361.0 20 25 30 31 #

100 89382.0 25 31 #

100 169825.0 25 32 #

81 257843.0 11 15 16 21 22 #

81 385072.0 0 6 12 22 23 #

101 178451.0 26 32 #

101 140491.0 25 32 #

102 96930.0 33 #

103 138585.0 3 30 #

103 144443.0 8 9 #

104 124127.0 21 22 23 #

105 213980.0 11 17 #

105 138261.0 11 16 #

105 55962.0 16 17 #

106 315593.0 22 27 33 34 #

106 450503.0 2 22 26 33 #

106 370767.0 20 22 26 27 #

106 203529.0 20 27 28 34 #

107 132969.0 22 23 37 #

107 172775.0 4 11 37 #

107 73364.0 15 22 23 #

108 362120.0 18 24 25 26 #

108 404409.0 25 26 27 32 #

108 249764.0 18 24 25 30 #

108 153885.0 19 24 25 31 #

109 354523.0 24 25 26 32 33 #

109 312137.0 18 24 25 31 32 #

109 259382.0 15 20 27 28 33 #

109 255892.0 12 19 24 26 32 #

109 160246.0 18 19 20 25 26 #

110 286023.0 6 7 12 #

110 257914.0 6 12 34 #

111 244494.0 22 26 31 #

111 170577.0 21 26 31 #

112 245469.0 19 24 25 #

113 45577.0 1 #

114 198924.0 26 32 #

114 168800.0 25 32 #

114 60285.0 19 26 #

115 227584.0 26 31 33 42 #

115 240348.0 10 26 31 33 #

115 173170.0 19 20 26 33 #

116 152861.0 9 14 #

116 85573.0 9 27 #

117 284159.0 18 19 25 30 #

117 231134.0 18 19 24 25 #

117 102474.0 0 6 12 19 #

112 325374.0 27 28 34 #

112 341036.0 20 26 33 #

84 592689.0 1 2 3 6 8 10 11 12 13 19 #

84 798273.0 1 2 3 8 9 14 15 16 22 27 #

84 772652.0 0 1 2 3 4 6 7 8 12 15 #

84 768661.0 1 2 3 6 8 12 13 14 20 21 #

112 343355.0 25 26 27 #

118 333118.0 3 4 9 10 39 #

118 451086.0 3 4 8 9 15 #

118 431091.0 2 3 4 5 9 #

118 365705.0 24 25 26 39 43 #

118 349379.0 4 8 9 10 14 #

119 251958.0 9 11 44 #

119 229336.0 5 10 11 #

119 183567.0 8 9 16 #

120 214250.0 19 20 24 25 26 27 #

120 255450.0 8 9 14 15 20 31 #

120 229888.0 19 24 25 26 30 44 #

120 101957.0 0 4 19 20 24 25 #

121 242575.0 27 28 35 #

121 316600.0 28 29 35 #

121 219804.0 27 28 29 #

121 153479.0 26 27 33 #

122 213456.0 5 10 #

123 186077.0 0 6 #

123 167662.0 5 6 #

123 110098.0 0 8 #

124 192305.0 25 30 31 #

124 246361.0 18 19 25 #

124 232240.0 26 27 31 #

124 193260.0 24 25 30 #

125 630203.0 3 6 8 9 10 13 14 15 21 #

125 843692.0 8 9 10 11 14 19 20 26 27 #

125 741370.0 2 8 14 15 20 21 25 27 32 #

125 683288.0 3 8 11 14 15 16 17 19 20 #

125 663127.0 2 3 4 5 9 10 14 16 39 #

126 618468.0 16 17 23 27 28 29 #

126 563135.0 10 11 17 23 28 29 #

126 542628.0 15 16 22 23 29 38 #

126 509028.0 11 16 17 21 22 23 #

126 507862.0 15 16 17 22 23 27 #

127 176877.0 9 14 15 #

127 221400.0 11 15 16 #

127 150981.0 8 13 14 #

128 246430.0 5 10 16 #

128 300734.0 16 17 23 #

128 293275.0 4 5 10 #

128 193070.0 5 9 10 #

129 312819.0 27 28 33 35 #

129 351717.0 28 29 34 35 #

129 147756.0 0 27 32 33 #

129 94158.0 12 27 28 34 #

130 242441.0 0 1 2 6 7 12 #

130 339081.0 0 1 2 6 13 19 #

130 257811.0 1 2 3 6 8 12 #


