4.5

66

1405

227

0 1195578.0 8 18 19 26 27 34 35 36 37 43 44 51 54 59 #

0 1317559.0 17 24 25 33 35 36 37 42 43 44 45 46 51 52 #

0 1291604.0 25 26 33 34 42 43 44 48 50 51 52 53 58 59 #

0 1275007.0 26 27 28 29 35 36 37 42 43 44 45 50 51 52 #

0 1207249.0 6 7 14 15 23 25 27 29 31 33 35 36 37 64 #

0 1191201.0 24 25 26 32 33 34 40 41 42 43 44 49 50 51 #

0 1183574.0 36 37 38 44 45 46 47 51 52 53 54 55 62 63 #

0 1162631.0 34 41 42 43 44 48 50 51 52 54 58 59 62 63 #

1 51977.0 34 #

2 3878691.0 0 1 2 4 7 8 9 12 13 14 15 16 17 18 19 20 21 22 23 24 25 26 27 28 29 30 32 33 34 35 36 38 40 41 42 44 46 47 48 49 50 51 52 56 58 59 #

2 4426945.0 1 4 5 12 13 14 15 17 18 19 20 21 22 24 25 26 27 28 32 33 35 36 38 39 40 41 42 43 44 45 46 47 49 50 51 52 53 54 55 56 57 58 59 60 61 62 #

2 4358394.0 0 1 2 4 5 8 9 10 12 13 14 15 18 19 20 21 23 24 25 26 27 32 33 34 35 40 41 42 43 44 45 47 48 49 50 51 52 53 54 56 57 58 59 60 61 64 #

2 4293639.0 0 1 3 5 8 9 10 11 12 13 14 18 19 20 21 22 24 25 26 27 28 32 33 36 40 41 42 43 44 45 46 48 49 50 51 52 53 54 55 56 57 58 59 60 61 63 #

2 4252752.0 0 1 2 3 4 8 9 10 11 12 17 18 19 20 21 24 25 26 27 28 29 30 32 33 35 38 40 41 42 43 44 45 46 50 51 52 53 54 56 57 58 59 60 61 64 65 #

2 4246014.0 0 1 2 3 4 5 9 11 12 13 16 17 18 19 20 21 24 25 26 27 28 32 33 34 35 36 38 39 40 41 42 43 44 45 46 48 49 50 51 52 53 54 56 57 58 59 #

2 4213909.0 0 1 2 3 4 5 8 9 10 12 13 16 17 18 19 20 21 24 25 26 27 28 29 30 32 36 37 38 40 43 44 45 46 47 49 50 51 52 53 54 55 58 59 60 61 62 #

2 4191120.0 0 1 3 6 8 9 10 13 14 15 18 19 20 21 22 23 24 25 26 27 28 29 32 33 34 35 36 38 40 41 42 43 44 45 46 49 50 51 52 53 54 58 59 60 61 64 #

3 426083.0 17 18 26 34 41 50 #

3 546353.0 18 19 26 27 33 42 #

3 484679.0 13 17 18 19 20 25 #

3 468176.0 40 41 42 43 50 51 #

3 370290.0 32 33 40 41 42 50 #

3 366653.0 24 32 33 34 42 51 #

3 305793.0 11 13 18 19 20 41 #

4 276589.0 16 17 25 #

4 296690.0 17 18 25 #

4 286993.0 17 35 43 #

5 5986994.0 0 1 2 3 5 8 9 10 11 12 13 14 15 16 17 18 19 20 21 22 23 24 25 26 27 28 29 30 31 32 33 34 35 36 37 38 39 40 41 42 43 45 47 48 49 50 51 53 54 55 56 57 59 60 61 62 63 65 #

5 6175030.0 0 1 2 3 4 5 6 7 8 9 10 11 12 13 14 15 16 17 18 19 20 21 22 23 24 25 26 27 30 31 32 33 34 35 36 37 38 40 41 42 43 44 45 46 48 49 50 51 52 53 54 56 57 58 59 61 62 63 #

5 6163260.0 0 1 2 3 4 5 7 8 9 10 11 12 13 14 15 16 17 18 19 20 21 22 23 24 25 26 27 28 32 33 34 35 36 37 38 39 40 41 42 43 44 45 48 49 50 51 52 53 54 56 57 58 59 60 61 62 63 64 #

5 6161708.0 0 1 2 3 4 5 7 8 9 10 11 12 13 14 15 16 17 18 19 20 21 22 23 24 25 26 27 32 33 34 35 36 37 38 40 41 42 43 44 45 46 48 49 50 51 52 53 54 55 56 57 58 59 60 61 62 63 64 #

5 6161120.0 0 1 2 3 4 5 8 9 10 11 12 13 14 15 16 17 18 19 20 21 22 23 24 25 26 27 28 32 33 34 35 36 37 38 40 41 42 43 44 45 47 48 49 50 51 52 53 54 55 56 57 58 59 60 61 62 63 65 #

5 6157303.0 0 1 2 3 4 5 6 8 9 10 11 12 13 14 15 16 17 18 19 20 21 22 23 24 25 26 27 30 32 33 34 35 36 37 38 40 41 42 43 44 45 47 48 49 50 51 52 53 54 55 56 57 58 59 60 61 62 63 #

5 6156890.0 0 1 2 3 4 5 6 7 8 9 10 11 12 13 14 15 16 17 18 19 20 21 22 23 24 25 26 27 28 30 32 33 34 35 36 37 38 40 41 42 43 44 45 46 48 49 50 51 52 54 56 57 58 59 60 61 62 63 #

5 6148449.0 0 1 2 3 4 5 8 9 10 11 12 13 14 15 16 17 18 19 20 21 22 23 24 25 26 27 30 31 32 33 34 35 36 37 38 39 40 41 42 43 44 45 46 48 49 50 51 52 53 54 56 57 58 59 60 61 62 63 #

6 407877.0 16 17 25 45 #

6 410178.0 17 24 25 26 #

6 296309.0 16 17 18 25 #

6 224767.0 16 17 24 59 #

6 202194.0 37 44 45 53 #

7 108358.0 38 #

8 3197115.0 0 1 2 8 9 14 15 16 17 18 19 22 24 25 26 30 32 33 34 35 36 41 42 43 44 48 49 50 51 52 57 58 59 60 61 65 #

8 3814163.0 3 6 7 11 14 15 18 19 20 21 27 28 29 30 32 35 36 38 39 42 43 44 45 46 47 48 49 50 51 52 53 54 55 59 60 63 #

8 3763161.0 2 3 6 7 11 14 15 17 18 19 20 21 28 29 30 31 34 35 36 37 38 39 42 43 44 45 46 50 51 52 53 54 59 60 61 64 #

8 3761239.0 6 7 14 15 17 19 20 21 23 27 28 29 30 31 34 35 36 37 38 41 42 43 44 45 46 47 50 51 52 53 54 55 61 62 63 65 #

8 3705373.0 2 8 9 10 16 17 18 19 20 26 27 32 34 35 36 37 38 42 43 44 45 46 47 48 49 50 51 52 53 54 56 58 59 60 61 62 #

8 3682976.0 7 11 14 17 18 19 20 25 26 27 28 34 35 36 37 38 40 41 42 43 44 45 46 48 49 50 51 52 53 54 56 57 58 59 61 62 #

8 3640994.0 3 11 15 18 19 20 25 26 27 28 29 33 34 35 36 37 38 41 42 43 44 45 46 48 49 50 52 54 55 56 57 59 60 61 62 63 #

8 3634716.0 6 7 14 26 27 28 29 32 33 34 35 36 37 38 41 42 43 44 45 46 47 48 49 50 51 52 53 54 55 57 58 59 60 61 62 63 #

9 438766.0 14 15 22 23 29 30 31 38 #

9 546243.0 15 23 28 29 30 31 36 39 #

9 537480.0 22 30 31 38 44 52 53 63 #

9 511719.0 13 14 15 22 30 37 38 46 #

9 462061.0 14 15 22 29 30 31 61 62 #

9 381856.0 14 15 16 22 30 34 42 50 #

9 330032.0 7 14 15 22 23 29 30 37 #

9 284360.0 10 11 19 20 21 29 30 37 #

10 919049.0 11 18 34 39 40 41 48 49 50 51 56 57 #

10 1135650.0 18 19 25 26 27 33 34 40 41 45 48 49 #

10 1065162.0 18 20 21 26 33 40 41 48 49 50 56 57 #

10 1004572.0 7 26 31 32 33 40 41 48 49 50 56 57 #

10 967134.0 7 32 38 40 41 42 48 49 50 51 56 57 #

10 962958.0 30 38 40 41 42 44 46 48 49 50 51 57 #

10 935124.0 19 20 26 27 33 34 35 40 41 49 50 57 #

10 919817.0 6 18 26 32 33 34 40 41 42 43 49 51 #

11 569219.0 14 36 40 42 43 44 50 51 63 #

11 662438.0 16 17 35 36 43 44 49 50 51 #

11 624556.0 32 33 36 40 48 52 53 61 64 #

11 602993.0 3 4 5 12 13 54 55 62 63 #

11 569439.0 42 43 44 45 50 51 52 57 60 #

11 545812.0 9 33 34 40 41 42 43 47 51 #

11 534830.0 22 30 44 49 50 51 52 53 57 #

11 522390.0 30 35 36 42 44 48 50 57 58 #

12 1086362.0 15 16 22 23 24 30 31 32 33 34 40 41 42 48 49 55 57 63 #

12 1372428.0 1 2 3 9 13 15 18 19 20 38 45 46 53 54 55 61 62 63 #

12 1331127.0 0 1 6 7 8 9 13 14 15 20 23 32 40 46 48 49 56 57 #

12 1327109.0 16 24 25 30 32 33 34 36 37 38 40 41 42 43 45 46 49 53 #

12 1312057.0 13 14 21 22 23 28 29 30 31 36 37 38 44 45 46 47 53 61 #

12 1261620.0 1 5 8 16 17 24 32 35 36 40 41 42 48 49 50 56 57 58 #

12 1233570.0 7 8 13 14 15 22 23 30 31 32 40 41 48 49 53 54 55 56 #

12 1226349.0 0 1 8 9 10 11 16 17 18 19 24 25 26 27 32 35 40 45 #

13 831161.0 1 2 3 8 9 10 11 21 36 #

13 874385.0 0 1 2 3 4 8 9 10 11 #

13 874037.0 1 2 3 4 8 9 10 11 19 #

13 857455.0 0 1 3 9 10 11 19 26 49 #

13 753969.0 0 1 8 9 10 17 18 27 28 #

13 738871.0 0 1 2 3 8 10 19 36 37 #

13 669322.0 35 36 37 38 43 44 46 51 52 #

13 648128.0 1 2 3 10 11 19 20 43 44 #

14 2686946.0 8 11 12 13 16 17 18 19 20 21 22 25 26 27 28 29 30 31 33 35 37 42 43 45 48 49 50 56 57 #

14 2859677.0 0 1 2 3 4 5 8 9 10 11 12 13 17 18 19 20 21 25 26 27 28 34 35 42 44 47 49 50 51 #

14 2849264.0 3 6 9 10 11 12 13 17 18 19 20 21 25 26 27 28 35 36 39 43 44 45 48 49 51 52 53 56 57 #

14 2787277.0 2 3 4 5 10 11 12 13 16 17 18 19 20 21 25 26 27 28 29 30 34 35 37 42 43 45 46 47 60 #

14 2761430.0 4 5 11 12 13 18 19 20 21 24 25 26 27 28 34 35 36 37 40 42 43 44 45 46 48 49 51 52 59 #

14 2731970.0 0 1 2 3 4 5 7 8 9 10 11 12 13 14 17 18 20 24 25 27 35 40 43 44 48 49 51 55 56 #

14 2704879.0 0 1 2 3 4 9 10 11 12 13 14 16 17 18 19 20 21 24 25 26 27 28 29 30 33 34 35 42 43 #

14 2682139.0 0 1 2 8 10 11 17 18 19 20 25 26 27 28 29 30 34 35 36 37 38 42 43 44 45 49 50 56 60 #

15 650913.0 2 3 10 11 19 20 21 26 27 35 52 #

15 866697.0 25 26 27 30 35 36 43 51 52 60 61 #

15 810948.0 28 36 37 44 45 46 52 53 54 55 63 #

15 762110.0 1 2 3 9 10 11 17 19 25 26 27 #

15 744601.0 3 7 10 11 20 27 28 30 38 46 52 #

15 676415.0 2 3 4 11 17 18 20 25 26 27 33 #

15 636884.0 19 21 27 28 29 30 35 36 37 38 46 #

15 601903.0 8 11 17 19 20 24 25 26 27 28 35 #

16 650074.0 0 19 20 24 26 27 35 36 #

16 668020.0 11 19 20 26 27 35 38 46 #

16 639697.0 0 1 2 3 4 9 10 11 #

16 632570.0 35 36 37 43 46 53 54 55 #

16 603968.0 11 18 19 20 27 28 35 36 #

16 580635.0 24 25 26 32 33 34 40 41 #

16 554824.0 11 20 22 26 27 28 35 36 #

16 475752.0 18 19 20 26 33 39 41 49 #

17 448898.0 6 14 38 40 41 49 #

17 545332.0 21 29 36 37 38 40 #

17 394250.0 6 7 14 40 50 57 #

17 374273.0 36 44 49 50 51 57 #

17 372787.0 29 40 41 48 49 57 #

17 351720.0 6 7 14 15 22 23 #

17 264633.0 34 41 49 50 57 58 #

18 5828718.0 0 1 2 3 4 5 8 9 10 11 12 13 16 17 18 19 20 21 24 25 26 27 28 29 30 32 33 34 35 36 37 38 40 41 42 43 44 45 46 47 48 49 50 51 52 53 54 56 57 58 59 60 61 62 64 #

18 5988975.0 1 3 4 5 6 7 8 9 10 11 12 13 15 17 18 19 20 21 22 23 24 25 26 27 28 29 30 31 33 34 35 36 37 38 42 43 44 45 46 47 48 49 50 51 52 53 54 55 57 58 59 60 61 62 65 #

18 5881251.0 0 1 2 3 4 5 8 9 10 11 12 13 16 17 18 19 20 21 22 24 25 26 27 28 29 30 31 32 33 34 35 36 37 38 42 43 44 45 46 47 48 49 50 51 52 53 54 55 57 58 59 60 61 62 64 #

18 5879704.0 0 1 2 3 4 5 8 9 10 11 13 16 17 18 19 20 21 23 24 25 26 27 28 29 30 31 32 33 34 35 36 37 38 40 41 42 43 44 45 46 47 48 49 50 51 52 53 54 56 57 58 59 60 61 65 #

18 5870417.0 0 1 2 3 4 8 9 10 11 12 13 15 16 17 18 19 20 21 22 23 24 25 26 27 28 29 30 31 32 33 34 35 36 37 38 40 42 43 44 46 47 48 49 50 51 52 53 54 56 57 58 59 62 63 64 #

18 5869869.0 0 1 2 3 4 5 8 9 10 11 12 13 14 15 17 18 19 20 21 22 24 25 26 27 28 29 30 31 32 33 34 35 36 37 40 41 42 43 44 45 46 48 49 50 51 52 53 54 56 57 58 59 60 61 65 #

18 5866525.0 0 1 2 3 4 5 6 7 8 9 10 11 12 13 15 16 17 18 19 20 21 22 23 24 25 26 27 28 30 31 32 33 34 35 36 37 38 40 41 42 43 44 45 46 47 49 50 51 52 53 54 55 57 59 63 #

18 5858820.0 1 2 3 4 5 7 9 10 11 12 13 15 16 17 18 19 20 21 23 24 25 26 27 28 29 30 31 32 33 34 35 36 37 38 39 40 41 42 43 44 45 46 47 48 49 50 51 52 53 54 56 58 59 60 61 #

19 566218.0 40 41 42 48 49 50 51 56 57 #

19 650937.0 27 33 34 35 41 42 43 50 51 #

19 626014.0 5 41 42 43 44 50 51 52 58 #

19 565690.0 40 41 42 45 48 49 51 52 59 #

19 518443.0 1 8 16 24 32 40 41 42 50 #

19 512739.0 9 26 33 34 42 50 51 57 58 #

19 496635.0 1 33 39 41 47 50 51 56 57 #

19 444223.0 16 24 32 34 40 41 48 49 50 #

20 493050.0 11 27 28 29 36 40 #

20 570458.0 11 12 19 27 54 55 #

20 553849.0 28 36 37 46 47 48 #

20 495337.0 24 25 28 35 36 50 #

20 432091.0 24 32 40 41 48 49 #

20 404659.0 20 28 29 36 37 45 #

20 389795.0 18 19 27 37 44 52 #

21 148378.0 62 63 #

21 107812.0 52 63 #

22 228633.0 18 26 33 #

22 279923.0 18 26 27 #

22 242568.0 18 19 26 #

22 226274.0 26 33 52 #

23 426014.0 30 31 38 46 #

23 440910.0 30 31 38 39 #

23 374951.0 26 38 59 60 #

23 338588.0 22 23 30 31 #

23 241337.0 37 38 46 47 #

24 2334794.0 0 3 8 11 13 16 17 18 19 20 21 24 25 26 27 28 33 34 35 36 40 41 42 48 49 50 56 57 58 59 #

24 2686126.0 2 3 4 5 7 8 9 10 11 12 13 15 17 18 19 20 24 25 26 27 33 34 40 41 42 44 45 51 58 59 #

24 2685577.0 3 4 5 11 12 13 20 21 25 26 27 28 29 31 34 35 36 40 42 43 44 45 46 48 49 50 56 57 58 59 #

24 2679102.0 3 4 5 11 12 13 18 19 20 21 23 25 26 27 28 29 30 31 34 35 36 38 42 43 44 45 46 52 53 54 #

24 2571870.0 5 11 12 13 14 17 18 19 20 21 24 25 26 27 28 29 30 35 36 37 38 43 44 45 46 51 52 59 60 63 #

24 2555310.0 4 5 7 11 12 15 17 19 20 21 25 26 27 28 29 33 34 35 41 42 43 44 45 46 51 52 53 54 61 62 #

24 2543686.0 3 8 9 10 16 17 18 19 22 24 25 26 27 30 32 33 34 35 41 42 43 45 46 49 50 54 56 57 58 65 #

24 2512805.0 0 2 3 4 8 9 10 11 16 17 18 19 20 21 24 25 26 31 34 36 44 45 51 52 53 54 55 58 59 60 #

25 4093015.0 5 6 7 9 10 11 13 14 15 17 18 19 20 21 22 23 24 25 26 27 28 29 30 31 33 34 35 36 37 38 39 42 43 44 45 46 47 50 52 53 54 60 61 62 #

25 4568323.0 2 14 15 18 19 20 21 22 23 24 25 26 27 28 29 30 31 32 33 34 35 36 37 40 41 42 43 44 45 46 48 49 50 51 52 53 54 56 57 60 61 62 63 65 #

25 4413298.0 2 14 15 17 18 19 20 22 24 25 26 27 28 29 30 31 32 33 34 35 36 37 40 41 42 43 44 45 46 48 49 50 51 52 53 54 56 57 58 59 60 61 62 63 #

25 4405244.0 5 11 16 17 18 19 24 25 26 27 28 29 30 31 32 33 34 35 36 37 38 40 41 42 43 44 45 46 47 48 49 50 51 52 53 54 56 57 59 60 61 62 63 65 #

25 4382072.0 1 2 6 9 10 14 15 17 21 22 23 25 26 28 29 30 31 32 33 34 35 36 37 38 40 41 42 43 44 45 46 47 48 49 50 51 52 53 54 55 60 61 62 63 #

25 4368369.0 3 7 10 11 12 14 15 18 19 20 21 22 24 25 26 27 28 29 30 31 33 34 35 36 37 38 40 41 42 43 44 45 46 47 48 49 50 51 52 53 57 58 60 61 #

25 4348533.0 13 15 17 18 19 20 21 22 23 24 26 27 28 29 30 31 32 33 34 35 36 37 38 40 41 42 43 44 45 46 47 48 49 50 51 52 53 56 57 58 59 60 61 65 #

25 4319930.0 12 13 14 18 20 21 22 23 24 25 26 27 28 29 30 31 32 33 34 35 36 37 40 41 42 43 44 45 46 47 48 49 50 51 52 53 56 57 58 59 60 61 62 63 #

26 91560.0 33 41 #

26 103794.0 26 33 #

27 397492.0 46 47 51 54 59 60 #

27 461379.0 44 45 46 51 52 54 #

27 435653.0 35 43 44 50 51 52 #

27 371014.0 45 46 53 54 55 56 #

27 332957.0 34 41 47 51 59 60 #

27 323460.0 40 41 49 50 59 60 #

27 285246.0 29 30 32 33 34 47 #

28 5169184.0 0 1 3 4 5 7 8 10 11 12 13 14 16 17 18 20 23 24 25 26 27 28 29 30 31 32 33 34 35 36 37 38 39 40 41 42 43 44 45 46 48 49 50 51 52 53 54 55 56 57 58 59 60 61 63 65 #

28 5352371.0 0 1 3 4 5 6 8 10 11 12 13 14 15 16 17 18 19 20 22 23 24 25 26 27 30 31 32 33 34 36 37 38 39 40 41 42 43 44 45 46 47 48 49 50 51 52 53 54 55 56 57 58 59 60 61 65 #

28 5303925.0 0 1 4 5 8 9 10 11 12 13 14 15 17 18 20 21 22 23 24 25 26 27 28 29 30 31 32 33 34 35 36 37 38 39 40 41 42 43 44 45 46 47 48 49 50 51 52 53 54 55 56 57 58 61 62 63 #

28 5301751.0 0 1 2 3 4 5 8 9 10 11 12 13 14 15 16 17 18 19 20 21 22 24 25 26 27 28 29 30 31 32 33 34 35 36 37 38 40 41 42 43 44 45 46 47 48 49 50 51 52 53 54 56 57 58 60 64 #

28 5291955.0 1 2 3 4 5 9 10 11 12 13 14 15 17 19 20 21 22 23 24 25 26 27 28 29 30 31 32 33 34 35 36 37 38 40 41 42 43 44 45 46 47 48 49 50 51 52 53 54 56 57 58 59 60 61 62 63 #

28 5287163.0 0 1 2 3 4 5 6 7 8 9 10 11 12 13 14 15 16 17 18 19 22 23 24 25 26 27 32 33 34 35 36 37 38 40 41 42 43 44 45 46 47 48 49 50 51 52 53 54 56 57 58 59 60 61 62 65 #

28 5281546.0 0 1 4 5 7 8 10 11 12 13 14 15 16 17 19 20 21 22 23 24 25 26 27 29 30 31 32 33 34 35 36 37 38 39 40 41 42 43 44 45 46 47 48 49 50 51 52 53 54 57 58 59 60 61 62 64 #

28 5278219.0 0 3 4 5 6 7 10 11 12 13 14 15 17 18 19 20 22 23 24 25 26 27 28 29 30 31 32 33 34 35 36 37 38 39 40 41 42 43 44 45 46 47 48 50 51 52 53 54 56 57 58 59 60 61 62 65 #

29 406847.0 17 35 36 43 #

29 410904.0 29 36 37 38 #

29 315934.0 27 35 36 55 #

29 302562.0 1 9 17 25 #

29 143335.0 42 43 44 51 #

30 728739.0 0 1 2 3 4 9 10 11 12 30 #

30 829393.0 4 11 12 18 25 26 27 35 43 65 #

30 738445.0 3 4 5 11 12 18 19 26 34 63 #

30 730168.0 2 3 10 30 46 47 53 60 61 62 #

30 692631.0 3 4 10 11 12 18 19 42 51 53 #

30 673609.0 0 1 2 3 4 9 10 17 18 19 #

30 664801.0 21 22 28 29 30 37 38 46 53 61 #

30 647306.0 4 5 11 12 16 17 18 19 50 58 #

31 2269748.0 2 3 10 11 12 13 16 17 18 19 20 21 24 25 26 27 28 29 31 32 33 34 36 37 38 41 46 47 #

31 2699444.0 18 19 21 24 25 26 27 32 33 35 36 37 38 40 42 43 46 48 49 50 51 54 55 58 59 61 62 63 #

31 2639043.0 1 2 3 4 5 6 7 9 10 11 13 14 15 17 18 19 20 21 24 25 26 27 32 33 35 36 43 64 #

31 2606050.0 0 1 2 3 4 6 8 9 10 11 12 15 16 17 18 19 20 21 23 25 26 27 28 34 35 36 43 51 #

31 2603195.0 3 4 5 6 7 13 14 15 18 19 20 21 24 26 27 28 32 33 34 35 36 37 40 41 42 43 50 51 #

31 2568725.0 1 2 3 9 11 12 17 18 19 20 21 26 27 33 34 35 36 37 39 41 42 43 44 45 46 47 50 51 #

31 2544103.0 0 1 2 3 4 5 6 8 9 10 11 12 13 14 18 19 20 21 27 28 29 33 35 36 42 43 51 63 #

31 2500351.0 1 7 9 10 11 14 15 17 18 19 20 21 23 25 26 27 28 29 33 34 35 36 37 42 43 50 51 58 #

32 1721728.0 16 17 21 25 28 33 34 36 40 41 42 43 44 48 49 50 51 52 56 57 61 62 #

32 2150033.0 8 9 25 26 30 33 34 38 40 41 42 45 46 47 48 49 53 54 55 61 62 63 #

32 1866634.0 7 14 17 21 22 27 28 29 30 31 35 36 37 38 43 44 45 46 47 53 54 57 #

32 1863994.0 1 6 7 9 11 16 17 18 19 24 25 26 30 32 33 34 38 40 41 48 49 50 #

32 1827791.0 1 8 15 16 17 18 20 24 25 26 27 28 32 33 34 40 41 42 48 49 50 51 #

32 1821913.0 0 5 15 18 19 20 21 23 27 31 35 36 39 43 44 45 46 51 53 54 55 65 #

32 1802676.0 26 28 33 34 35 36 37 40 41 42 43 44 45 46 47 48 49 50 53 54 56 57 #

32 1800185.0 13 14 17 22 23 24 25 26 30 31 33 34 39 40 41 42 48 49 50 51 56 57 #

33 1326292.0 15 20 22 23 24 28 30 31 32 36 40 41 46 48 49 50 52 53 54 64 #

33 1597422.0 14 15 17 18 21 22 23 26 27 28 29 30 31 38 39 46 52 53 55 63 #

33 1559925.0 0 1 2 3 4 7 8 9 12 13 14 15 20 22 23 27 30 31 38 49 #

33 1519281.0 10 26 27 33 34 35 40 41 42 43 48 49 50 51 56 57 58 59 62 63 #

33 1510087.0 2 4 12 20 26 27 34 42 43 46 51 52 53 54 55 59 60 61 62 63 #

33 1508739.0 7 13 14 15 18 19 20 21 22 25 26 27 28 29 30 34 35 36 42 43 #

33 1507044.0 10 17 18 19 21 25 26 27 28 29 34 36 42 43 44 45 51 52 59 60 #

33 1501612.0 1 2 3 6 7 14 15 22 26 27 29 30 31 34 35 38 46 47 53 64 #

34 594768.0 16 17 18 19 20 27 28 62 #

34 750969.0 3 4 11 12 17 18 19 27 #

34 737341.0 3 10 11 12 18 19 26 27 #

34 639149.0 16 17 18 24 25 26 27 32 #

34 611398.0 11 12 19 20 21 28 29 50 #

34 575191.0 5 37 38 46 54 55 62 63 #

34 526936.0 18 19 24 25 26 27 33 34 #

34 505116.0 0 1 16 17 18 24 25 55 #

35 622642.0 9 15 22 30 38 51 52 57 #

35 657856.0 1 2 3 9 10 35 43 51 #

35 648596.0 33 41 48 49 50 56 57 58 #

35 625749.0 7 13 14 15 22 23 30 31 #

35 557576.0 5 13 21 32 52 53 61 62 #

35 555459.0 35 36 43 44 51 52 59 60 #

35 542103.0 14 15 22 28 29 30 31 37 #

35 497213.0 7 14 15 22 23 30 44 56 #

36 198796.0 11 28 29 #

36 189618.0 8 28 29 #

36 98574.0 11 18 20 #

37 646574.0 13 20 25 26 33 34 40 41 49 50 #

37 857518.0 27 28 35 36 37 43 44 45 49 57 #

37 825239.0 3 8 11 12 16 17 18 24 25 26 #

37 766053.0 19 24 25 26 27 32 33 40 42 63 #

37 703873.0 5 11 12 13 20 21 29 38 45 46 #

37 686658.0 7 40 41 42 48 49 50 54 57 62 #

37 647966.0 2 3 10 18 22 32 34 40 41 48 #

37 624107.0 32 40 41 44 48 49 52 56 57 60 #

38 454758.0 1 2 7 8 33 41 42 50 #

38 597961.0 32 33 40 41 42 50 51 59 #

38 593789.0 32 33 40 41 42 48 49 51 #

38 526340.0 0 1 2 8 36 48 56 57 #

38 520419.0 0 32 33 41 42 50 57 58 #

38 471365.0 0 1 8 16 24 25 32 33 #

38 403890.0 3 7 10 11 14 18 28 36 #

38 378785.0 0 1 2 3 10 11 12 18 #

39 2769051.0 4 10 11 12 13 18 19 20 24 26 27 28 31 32 33 34 35 36 39 40 41 42 43 44 48 49 50 51 52 53 56 57 58 #

39 3276655.0 6 7 10 11 12 13 14 19 20 21 22 27 28 32 36 37 38 40 41 44 45 46 47 48 49 51 52 53 54 60 61 62 64 #

39 3235375.0 2 24 25 26 30 32 33 37 38 40 41 42 44 45 46 47 48 49 50 51 52 53 54 55 56 57 58 59 60 61 62 63 65 #

39 3210996.0 0 1 2 3 7 10 11 12 13 14 15 18 19 20 21 26 27 28 29 30 31 33 36 37 38 41 44 45 46 49 50 51 58 #

39 3189149.0 1 2 3 9 10 11 12 13 18 19 20 21 26 27 28 29 30 35 36 37 38 43 44 45 46 51 54 55 59 60 61 62 63 #

39 3166572.0 0 1 2 3 4 9 10 11 12 13 18 20 21 26 27 29 30 33 40 41 42 44 48 49 50 51 52 58 59 60 61 62 65 #

39 3160303.0 0 1 2 3 10 11 19 20 25 26 27 28 29 33 35 36 37 38 40 41 42 44 45 46 51 52 53 54 55 60 61 62 63 #

39 3159535.0 8 12 18 19 20 21 22 23 26 27 28 29 30 31 33 36 37 38 39 40 41 44 45 48 49 50 51 57 58 59 60 61 62 #

40 494876.0 17 37 38 45 46 48 53 57 #

40 660000.0 17 40 45 48 49 50 56 57 #

40 600013.0 28 29 30 36 37 38 45 48 #

40 548882.0 22 30 48 49 50 51 56 57 #

40 523683.0 34 41 42 44 45 50 51 58 #

40 520036.0 2 3 4 17 18 24 25 26 #

40 497079.0 35 36 37 43 44 45 46 53 #

40 496380.0 44 45 46 47 54 55 61 62 #

41 345181.0 46 47 54 #

41 332428.0 46 54 65 #

41 297428.0 46 53 54 #

41 258817.0 26 46 47 #

42 456431.0 2 3 9 10 28 #

42 559803.0 10 45 46 47 53 #

42 451840.0 1 2 8 53 61 #

42 420324.0 1 2 3 10 22 #

42 391409.0 2 8 9 10 11 #

42 260165.0 11 19 27 28 35 #

43 316446.0 24 32 40 48 56 #

43 338351.0 24 25 32 33 40 #

43 300652.0 32 40 41 48 50 #

43 289725.0 31 48 49 56 57 #

43 223444.0 13 21 29 56 65 #

43 189975.0 24 26 32 41 57 #

44 85991.0 58 #

45 4609006.0 0 1 3 4 5 6 7 8 11 12 14 15 16 17 19 20 21 22 23 25 26 27 28 29 31 32 33 34 35 36 37 38 39 40 41 42 43 44 45 46 47 49 50 51 52 53 54 56 57 58 59 65 #

45 4843189.0 1 2 3 4 5 6 7 8 9 11 12 13 14 15 16 17 18 19 20 21 26 27 28 29 32 33 34 35 36 37 38 40 41 42 43 44 45 46 47 48 50 51 52 53 54 56 57 58 59 62 63 64 #

45 4794134.0 1 2 3 4 5 6 7 8 9 10 11 12 13 14 15 17 18 19 20 21 22 23 25 26 27 28 29 31 33 34 35 36 37 39 41 43 45 46 47 50 51 52 53 54 56 57 58 59 61 62 63 64 #

45 4786269.0 0 1 2 3 5 6 7 8 9 10 11 12 13 14 15 16 17 18 19 20 21 22 24 25 26 27 28 29 32 34 35 36 37 38 40 41 44 45 46 50 51 52 53 54 55 56 57 58 61 62 63 65 #

45 4777144.0 1 2 3 4 5 6 7 9 10 12 13 14 15 16 17 18 19 20 21 22 23 25 26 27 28 29 34 35 36 37 38 40 41 42 43 44 45 46 48 49 50 51 52 53 56 57 58 59 60 61 62 64 #

45 4776376.0 1 2 3 4 5 6 7 9 10 12 13 14 15 17 18 19 21 22 23 24 25 26 27 28 29 32 33 34 35 36 37 40 41 42 43 44 45 48 49 50 51 52 53 54 56 57 58 59 60 61 62 64 #

45 4695016.0 0 1 2 3 4 5 6 7 8 9 10 11 12 13 14 15 16 18 19 20 21 22 26 27 28 29 30 32 33 34 35 36 37 40 41 42 43 44 45 50 51 52 53 54 55 56 57 58 59 62 63 65 #

45 4682143.0 0 1 2 3 4 6 7 8 9 10 11 12 13 14 15 16 17 18 19 20 21 22 26 27 28 29 32 33 34 35 36 37 40 41 42 44 45 46 50 51 53 54 55 56 57 58 59 60 61 62 63 64 #

46 171958.0 58 59 #

46 118167.0 40 59 #

47 1944519.0 1 2 3 4 5 8 9 10 11 31 33 34 39 40 41 42 48 49 50 56 59 60 #

47 2217700.0 2 5 13 14 15 20 21 22 23 26 27 28 30 31 36 39 40 44 45 48 54 55 #

47 2171914.0 0 1 2 3 4 8 9 10 11 12 13 14 15 16 17 19 20 21 22 27 29 30 #

47 2164305.0 3 4 5 10 11 12 13 14 19 20 21 26 27 28 29 37 48 49 54 58 59 60 #

47 2162835.0 2 3 4 5 9 10 11 12 13 18 20 21 26 28 29 36 37 38 42 45 46 47 #

47 2115795.0 0 1 2 3 4 6 7 8 9 10 11 12 14 15 17 18 20 22 32 40 48 49 #

47 2089260.0 1 2 3 4 5 8 9 10 11 12 17 18 19 20 25 26 27 28 34 43 44 65 #

47 2009296.0 1 2 3 4 5 8 9 10 11 12 17 18 19 20 27 28 29 59 60 61 62 63 #

48 780603.0 0 1 2 3 4 5 8 10 12 13 15 28 #

48 1013963.0 1 4 5 8 20 27 28 35 36 43 46 60 #

48 914422.0 4 5 6 7 13 14 15 22 23 30 31 39 #

48 808844.0 15 20 22 23 27 28 29 30 31 36 44 52 #

48 794536.0 1 2 3 4 5 9 10 13 17 20 21 25 #

48 789612.0 0 1 2 3 4 5 8 9 10 11 17 19 #

48 776184.0 0 1 2 3 4 8 9 10 16 17 18 64 #

48 758403.0 4 5 11 12 18 19 20 27 28 29 40 48 #

49 307789.0 3 10 11 12 #

49 309740.0 4 11 12 19 #

49 223848.0 3 11 18 47 #

49 221901.0 2 10 11 20 #

49 190561.0 11 36 44 52 #

50 969720.0 30 42 45 50 51 52 53 54 59 60 61 62 #

50 1072833.0 4 30 38 46 51 52 53 54 58 59 60 61 #

50 1000379.0 2 9 28 49 50 51 54 58 59 60 61 62 #

50 997261.0 7 15 21 26 27 28 29 35 44 46 52 53 #

50 949346.0 22 27 28 29 30 37 43 44 45 46 52 53 #

50 927870.0 2 3 10 44 52 53 55 59 60 61 62 63 #

50 845055.0 41 42 44 45 49 50 51 52 53 54 55 61 #

50 803162.0 33 36 42 43 44 50 51 52 58 59 60 61 #

51 434835.0 41 49 50 51 57 60 61 #

51 577199.0 32 33 46 52 53 54 61 #

51 523057.0 37 38 46 47 49 50 54 #

51 484368.0 2 9 17 18 52 60 61 #

51 460370.0 4 12 20 27 44 51 52 #

51 401411.0 35 41 43 50 51 57 59 #

51 392138.0 32 33 41 42 48 49 50 #

51 339152.0 2 9 41 49 50 56 57 #

52 352561.0 36 37 44 51 52 60 #

52 509719.0 27 28 29 30 37 45 #

52 432223.0 8 12 36 43 44 51 #

52 420593.0 0 8 18 43 44 51 #

52 360473.0 5 44 50 51 52 58 #

52 314236.0 42 49 50 51 52 59 #

52 275992.0 0 8 52 59 60 61 #

53 150412.0 48 56 57 #

53 143455.0 9 48 57 #

54 142770.0 32 40 #

55 444876.0 13 15 22 30 63 #

55 475376.0 10 11 12 62 63 #

55 438511.0 5 13 20 21 64 #

55 372061.0 21 22 29 30 65 #

55 371295.0 13 14 15 22 30 #

55 321060.0 7 14 15 22 23 #

56 221232.0 16 17 25 #

56 239840.0 9 17 25 #

56 177473.0 9 16 17 #

56 134874.0 8 16 17 #

57 659868.0 9 10 11 14 15 16 17 24 25 #

57 785265.0 1 2 5 7 9 10 11 17 25 #

57 677942.0 1 2 3 4 8 9 10 11 16 #

57 658039.0 6 7 14 22 35 36 37 43 51 #

57 591084.0 9 11 17 18 25 26 27 55 63 #

57 576061.0 11 18 19 20 28 38 46 54 55 #

57 557367.0 11 16 17 18 19 24 25 27 28 #

57 523771.0 0 1 8 16 17 24 25 40 54 #

58 203875.0 58 65 #

58 214220.0 3 65 #

58 158573.0 58 59 #

59 560712.0 8 25 41 42 49 50 51 #

59 668582.0 40 48 49 50 51 56 57 #

59 511446.0 37 40 45 50 51 57 58 #

59 508116.0 1 2 3 8 9 10 16 #

59 474968.0 32 33 34 40 42 50 51 #

59 407841.0 32 33 34 41 42 49 50 #

59 330567.0 1 2 42 44 51 52 54 #

59 290295.0 18 20 24 25 26 32 33 #

60 970155.0 24 25 26 27 28 32 34 35 36 40 41 42 43 48 50 58 #

60 1273218.0 4 5 15 18 19 22 25 26 27 29 30 38 41 51 56 60 #

60 1114621.0 1 2 9 10 19 20 27 28 30 35 36 37 38 43 46 47 #

60 1054110.0 3 10 11 17 18 20 28 39 46 48 53 54 60 61 62 63 #

60 1027335.0 0 1 8 17 25 26 34 40 41 42 43 49 50 51 57 59 #

60 1025900.0 1 2 3 8 9 11 16 17 18 19 20 24 25 26 62 63 #

60 1015893.0 3 11 12 16 24 27 28 36 46 51 52 53 59 60 61 64 #

60 993163.0 1 2 3 10 11 12 20 27 28 35 36 42 43 44 51 52 #

61 119743.0 27 28 #

61 168699.0 27 35 #

61 101103.0 2 28 #

62 3120574.0 0 1 3 11 12 13 17 18 20 21 24 25 26 27 28 29 32 33 34 35 37 40 41 42 43 44 45 48 49 50 51 52 53 54 57 59 61 #

62 3474437.0 0 1 6 7 8 9 10 13 14 15 17 20 21 22 26 27 28 29 30 33 35 36 40 41 42 43 44 48 49 50 51 52 53 57 60 61 62 #

62 3375912.0 0 1 2 6 7 8 9 10 13 14 17 18 19 20 24 25 26 27 28 29 30 32 33 34 35 36 40 41 43 44 48 49 50 51 56 57 65 #

62 3357997.0 9 10 17 20 21 24 25 26 27 28 29 30 31 32 33 34 35 36 37 38 39 40 41 42 43 44 45 48 49 50 51 52 53 54 55 57 63 #

62 3345268.0 0 1 2 8 9 10 16 17 20 24 25 26 27 28 32 33 34 35 38 40 41 42 43 44 48 49 50 51 52 53 54 55 59 60 61 62 63 #

62 3338388.0 0 1 2 3 6 7 8 9 10 11 14 15 16 17 18 19 20 21 22 24 25 26 27 29 33 34 35 40 41 42 43 48 49 50 51 56 57 #

62 3333293.0 1 2 6 7 8 9 10 12 17 18 19 20 22 24 25 26 28 29 30 33 34 35 40 41 42 43 44 45 48 49 50 51 52 53 56 57 59 #

62 3317866.0 0 1 8 9 10 11 18 19 20 21 24 26 27 28 29 31 32 33 34 35 40 41 42 43 44 45 48 49 50 51 52 53 54 56 57 60 62 #

63 241225.0 29 37 45 51 #

63 318864.0 10 36 44 45 #

63 194630.0 44 51 52 60 #

63 186082.0 22 29 30 38 #

63 133339.0 29 35 36 37 #

64 2984346.0 0 1 2 3 4 6 7 8 9 10 11 12 13 14 16 17 18 19 20 21 24 25 26 27 29 30 31 33 38 39 41 45 46 53 54 55 62 #

64 3201770.0 0 1 2 3 4 5 8 9 10 11 12 13 15 16 17 18 19 20 21 22 23 24 25 26 27 28 29 30 31 38 39 46 47 53 54 61 62 #

64 3173753.0 0 1 2 3 4 6 7 8 9 10 11 12 14 15 16 17 18 19 20 21 22 26 27 28 29 30 38 42 46 47 48 49 50 51 53 56 57 #

64 3126389.0 0 1 2 3 4 5 8 9 10 11 13 17 18 19 20 21 22 24 25 26 27 28 29 30 33 40 41 42 43 46 48 49 50 51 53 57 58 #

64 3125149.0 0 1 2 3 4 5 8 9 10 11 13 16 17 18 19 20 21 22 24 25 26 28 29 33 41 46 47 48 49 50 51 56 57 62 63 64 65 #

64 3109748.0 1 2 3 4 5 6 7 9 10 11 12 13 14 15 18 19 20 21 22 23 27 28 29 30 31 36 37 38 39 45 46 47 53 55 61 62 63 #

64 3099946.0 0 1 2 4 6 8 9 10 11 12 16 17 18 19 20 21 22 24 25 26 27 28 29 32 33 34 40 41 45 46 47 48 53 56 61 62 63 #

64 3068764.0 1 3 4 5 6 7 9 10 11 12 13 14 17 18 19 20 21 24 25 26 27 28 29 30 32 33 34 35 36 38 40 41 42 43 49 51 53 #

65 92739.0 5 #

66 3316280.0 0 1 2 3 6 7 8 9 10 11 13 14 15 16 17 18 19 20 22 24 25 26 27 32 33 34 35 36 37 38 40 41 42 44 48 49 50 51 56 57 #

66 3788634.0 0 3 4 5 10 11 12 13 14 18 19 20 21 25 26 27 28 29 30 33 35 36 37 38 41 42 43 44 45 46 47 49 50 51 52 54 59 60 61 64 #

66 3779002.0 0 1 2 4 5 9 12 13 15 17 20 22 26 27 28 29 30 31 33 36 37 38 39 40 41 42 43 44 45 46 47 50 51 52 53 54 55 58 59 61 #

66 3688534.0 0 1 2 3 4 5 6 7 8 9 10 11 12 13 14 15 16 17 18 19 20 21 22 24 25 26 27 30 31 32 33 34 35 41 42 43 50 54 58 61 #

66 3675862.0 0 1 2 6 7 8 9 10 12 17 20 24 25 26 27 32 33 34 36 40 41 42 43 44 45 46 48 49 50 51 52 53 54 57 58 59 60 61 62 63 #

66 3665418.0 1 2 3 4 5 8 9 10 11 12 13 14 17 18 19 20 21 26 27 32 33 35 36 37 38 40 41 42 43 44 46 49 50 51 53 54 55 56 57 58 #

66 3638319.0 1 2 3 9 10 11 12 13 14 15 17 18 19 20 22 24 25 26 27 28 32 33 36 40 41 42 43 44 45 50 51 52 53 58 59 60 61 62 63 64 #

66 3631345.0 3 5 11 12 13 14 17 18 19 20 26 27 28 32 33 34 35 36 37 38 40 41 42 43 44 45 46 47 48 49 50 51 52 53 54 57 58 59 60 61 #

67 310580.0 4 5 33 34 42 #

67 418843.0 3 4 5 10 12 #

67 311359.0 4 5 11 12 13 #

67 282822.0 28 33 41 42 50 #

67 193935.0 3 11 18 33 41 #

67 151688.0 26 33 34 41 42 #

68 494351.0 4 8 12 16 17 25 26 34 #

68 657618.0 17 18 19 24 25 26 27 35 #

68 558279.0 4 5 11 12 18 19 58 65 #

68 531363.0 4 5 11 12 18 19 37 45 #

68 516025.0 14 24 25 26 27 34 35 42 #

68 486808.0 0 8 9 17 18 24 25 26 #

68 468013.0 0 1 2 3 4 8 9 10 #

68 444736.0 0 9 13 16 17 25 44 45 #

69 1479171.0 1 2 3 10 11 12 18 19 20 26 27 31 33 35 42 43 #

69 1545770.0 1 2 3 10 11 13 18 19 20 21 26 27 33 40 41 42 #

69 1471822.0 2 3 10 11 18 25 26 34 36 37 38 41 42 46 50 54 #

69 1439039.0 0 1 2 9 10 11 12 18 19 20 24 26 32 33 34 41 #

69 1434726.0 1 2 3 9 10 11 18 19 20 25 26 27 28 35 59 60 #

69 1427190.0 1 2 3 5 9 10 11 12 13 20 21 27 28 29 34 41 #

69 1386742.0 0 1 2 9 11 12 17 18 19 20 21 27 28 30 35 38 #

69 1381598.0 3 4 9 10 11 12 15 17 18 19 20 25 27 28 29 45 #

70 800408.0 1 9 34 39 40 41 42 48 49 50 56 57 58 59 62 #

70 1141762.0 36 40 41 42 44 45 48 49 50 51 52 53 55 56 63 #

70 1136261.0 12 38 42 43 44 45 46 49 51 52 53 54 55 62 63 #

70 1056753.0 0 1 2 3 8 9 10 11 16 17 18 19 22 27 30 #

70 1011198.0 22 30 31 32 33 38 39 40 41 42 48 49 50 51 57 #

70 973415.0 17 18 26 32 33 34 40 41 42 43 48 49 50 51 52 #

70 953693.0 7 15 32 33 40 41 42 48 49 50 51 52 53 56 57 #

70 948602.0 1 8 16 17 32 33 34 41 42 43 48 49 50 51 54 #

71 3477917.0 0 6 7 8 9 11 13 14 15 16 17 18 20 22 24 25 26 27 28 30 31 32 33 34 37 38 39 40 41 42 46 47 48 49 50 54 55 56 58 59 60 61 62 63 #

71 3787430.0 3 6 7 11 12 13 14 15 18 20 21 22 23 25 26 27 28 29 31 34 35 36 37 38 39 40 41 42 43 44 45 46 47 48 49 50 51 52 53 54 59 60 61 62 #

71 3783870.0 2 3 4 6 7 9 10 11 12 13 14 15 18 19 20 21 22 23 26 27 30 31 32 33 34 35 38 40 41 42 43 44 45 46 47 48 49 50 51 53 56 61 62 63 #

71 3719405.0 5 7 13 14 15 17 18 19 22 26 27 28 29 30 32 33 34 35 36 37 38 40 41 42 43 44 45 46 47 48 49 50 51 52 53 54 55 57 58 59 60 61 62 63 #

71 3708188.0 0 1 6 7 8 9 10 11 14 15 16 17 18 19 20 21 23 25 26 27 29 30 33 34 35 37 38 41 42 43 44 45 46 47 49 50 51 52 53 58 59 60 61 62 #

71 3685706.0 0 1 2 3 6 7 8 9 10 11 14 15 16 17 19 21 22 23 25 27 28 29 30 31 35 36 37 38 39 43 44 45 46 47 51 52 53 54 55 59 60 61 62 63 #

71 3683914.0 2 3 4 6 7 10 11 12 13 14 15 18 19 20 21 22 27 28 29 30 34 35 36 37 38 42 43 44 45 46 47 49 50 51 52 53 55 57 58 59 60 61 62 63 #

71 3677237.0 1 2 5 6 7 8 9 10 11 12 13 14 15 17 18 19 20 21 22 23 26 27 28 29 30 31 35 36 37 38 39 43 44 45 46 47 51 52 53 57 60 61 62 63 #

72 390749.0 38 46 47 52 53 64 #

72 489162.0 30 31 38 46 47 53 #

72 352246.0 37 38 45 46 53 54 #

72 323954.0 37 38 46 53 54 61 #

72 316495.0 36 44 50 51 52 64 #

72 193984.0 43 44 51 52 53 60 #

72 189222.0 22 51 52 53 59 60 #

73 1635683.0 2 3 11 12 14 15 19 20 21 23 27 28 29 35 36 37 38 46 47 56 #

73 1969487.0 1 2 3 4 9 10 11 12 13 17 18 19 20 27 28 35 45 46 51 53 #

73 1961700.0 0 1 2 3 8 9 10 11 12 16 17 18 19 20 21 27 28 35 43 60 #

73 1862899.0 3 4 10 11 12 13 18 19 20 21 26 27 28 29 48 54 55 56 57 64 #

73 1835651.0 3 4 6 7 10 11 12 14 19 20 21 27 28 29 30 35 40 45 46 53 #

73 1823454.0 0 1 3 8 10 11 12 13 18 19 20 21 22 26 27 28 29 34 35 36 #

73 1798099.0 1 3 9 10 19 20 21 27 28 29 35 36 37 38 42 43 44 47 50 51 #

73 1776738.0 2 3 11 12 13 19 20 21 27 28 29 35 36 37 43 44 45 51 52 53 #

74 3584182.0 1 4 5 7 10 11 12 13 14 16 18 19 20 24 25 26 27 31 32 33 34 35 36 37 38 40 41 42 43 44 45 46 48 49 50 51 52 53 56 57 59 60 61 #

74 4302746.0 0 1 2 3 4 8 9 10 11 12 13 16 17 18 19 20 21 24 25 26 27 28 29 30 38 44 45 46 47 49 50 51 52 53 54 55 57 59 60 61 62 63 64 #

74 4238010.0 0 1 2 3 4 5 8 9 10 11 12 13 15 16 17 18 19 20 21 22 23 24 25 26 27 28 29 30 31 34 38 43 44 45 46 47 51 52 53 56 60 61 62 #

74 4205083.0 1 2 3 5 8 9 12 13 16 17 18 20 21 24 25 26 27 30 31 32 33 34 36 37 38 41 42 43 44 45 46 47 50 51 52 53 54 56 57 60 61 62 63 #

74 4192082.0 0 1 2 3 4 8 9 10 11 12 13 17 18 19 20 21 23 26 27 28 31 38 39 40 41 42 43 44 45 46 47 48 49 50 51 52 53 54 56 57 58 60 61 #

74 4160119.0 0 1 2 3 4 5 6 7 8 9 10 11 12 13 14 15 16 17 18 19 20 21 22 23 24 25 26 27 30 31 32 33 34 38 41 43 45 46 47 54 61 62 65 #

74 4111311.0 1 2 3 4 5 7 9 10 11 12 13 14 15 17 18 19 20 22 24 26 27 28 31 32 33 37 38 40 41 46 48 49 50 51 52 53 54 56 60 61 62 63 64 #

74 4103535.0 0 1 2 3 4 5 6 7 8 9 10 11 12 13 14 16 17 18 19 20 21 22 23 24 25 26 27 28 29 30 31 38 39 44 45 46 47 52 53 54 55 62 63 #

75 548707.0 16 24 46 54 61 62 #

75 621757.0 4 46 54 55 62 63 #

75 608897.0 30 38 44 46 47 53 #

75 577196.0 24 25 26 54 55 62 #

75 511763.0 0 8 16 17 62 63 #

75 322876.0 29 30 59 60 61 62 #

75 314020.0 16 24 25 32 40 41 #

76 717921.0 21 33 41 42 44 50 51 52 53 57 60 61 62 #

76 1072870.0 7 24 25 45 46 51 52 53 54 60 61 62 63 #

76 948381.0 26 32 33 34 41 42 45 50 51 53 58 59 61 #

76 898828.0 14 15 22 30 38 49 50 51 52 53 57 58 59 #

76 863921.0 11 14 15 19 22 25 37 38 45 46 53 54 61 #

76 860682.0 8 9 26 27 32 33 34 41 42 49 50 58 59 #

76 841012.0 22 37 38 44 45 46 47 51 52 53 54 59 60 #

76 830669.0 6 7 14 38 46 47 53 54 55 60 61 62 63 #

77 1986641.0 0 1 2 8 9 12 13 19 20 21 27 28 29 35 43 48 53 54 55 56 61 62 63 #

77 2120122.0 4 5 8 9 10 11 12 13 16 18 19 20 21 26 27 28 34 35 42 43 47 51 59 #

77 2110467.0 0 1 2 3 4 5 8 9 10 11 17 18 19 20 21 24 26 27 28 32 35 43 65 #

77 2053400.0 0 1 2 3 4 5 8 9 10 11 12 13 14 18 19 20 21 26 27 32 33 35 65 #

77 2038364.0 3 4 5 10 11 12 13 18 19 20 26 27 28 32 35 36 43 52 53 54 60 61 62 #

77 2007152.0 4 5 10 11 12 13 18 19 20 21 25 26 27 28 29 30 33 34 35 37 38 42 43 #

77 1947921.0 4 5 12 13 19 20 21 22 23 27 29 30 31 38 39 45 46 53 54 55 61 62 63 #

77 1937705.0 2 12 25 26 28 33 34 42 43 45 46 47 50 51 53 54 55 58 59 60 61 62 63 #

78 2062332.0 1 2 3 4 5 9 10 11 12 13 14 17 18 19 20 21 22 26 27 28 33 34 35 36 39 51 53 54 55 59 #

78 2505133.0 1 2 3 9 10 11 12 17 18 19 20 21 24 27 28 29 30 35 36 38 40 41 42 43 47 48 49 54 56 57 #

78 2463006.0 0 1 2 3 4 5 9 10 11 18 19 20 21 24 26 27 32 33 34 38 40 41 45 46 47 48 49 53 54 63 #

78 2462535.0 0 1 2 3 4 8 9 10 11 14 15 17 19 20 21 22 26 27 28 30 31 33 35 36 39 41 48 49 50 57 #

78 2411304.0 0 1 2 3 4 8 9 10 11 12 14 20 21 27 28 29 33 34 41 42 43 49 50 51 54 55 56 61 62 63 #

78 2298940.0 0 1 2 3 4 8 9 10 11 13 16 17 18 20 24 26 27 28 32 33 34 40 41 42 46 48 49 54 56 57 #

78 2298729.0 0 1 2 3 4 5 7 8 9 10 11 12 13 14 15 16 17 18 19 20 21 27 28 29 36 38 40 45 46 58 #

78 2296674.0 0 1 2 3 5 8 9 10 11 12 13 17 18 19 20 21 25 26 27 28 29 30 31 34 36 37 38 44 45 65 #

79 234867.0 3 4 12 42 #

79 310183.0 26 33 42 51 #

79 253267.0 2 3 10 11 #

79 253109.0 11 12 20 27 #

79 244216.0 4 5 11 12 #

80 119115.0 7 14 55 #

80 172358.0 55 62 63 #

80 163498.0 7 14 22 #

81 1158090.0 32 33 34 35 40 41 42 43 44 48 49 50 51 52 53 56 57 58 59 60 #

81 1630651.0 34 37 40 41 45 46 47 48 49 50 51 52 53 54 55 56 57 58 62 63 #

81 1562814.0 3 32 35 36 37 43 44 45 46 47 51 52 53 54 55 59 60 61 62 63 #

81 1562653.0 1 2 9 10 35 36 37 42 44 45 51 52 53 54 58 59 60 61 62 65 #

81 1514143.0 27 28 34 36 37 42 44 45 46 47 51 52 53 54 55 59 60 61 62 63 #

81 1496084.0 33 35 41 42 43 44 46 50 51 52 53 54 56 57 58 59 60 61 62 63 #

81 1335269.0 10 20 25 26 27 28 29 32 33 34 35 37 46 52 53 55 60 61 62 63 #

81 1334964.0 18 30 31 33 36 37 40 41 44 48 49 50 51 52 55 56 57 58 59 60 #

82 336463.0 12 20 48 49 56 57 #

82 407563.0 40 48 49 50 56 57 #

82 401689.0 17 48 49 50 51 57 #

82 387451.0 11 12 18 19 20 26 #

82 378426.0 11 12 20 26 27 28 #

82 333154.0 42 48 49 50 56 57 #

82 281720.0 4 41 42 49 50 57 #

83 218854.0 13 14 36 #

83 263608.0 13 20 21 #

83 189217.0 29 36 37 #

83 114221.0 14 15 23 #

84 111464.0 3 #

85 105425.0 6 #

86 919469.0 1 2 3 4 9 10 11 12 16 17 18 47 #

86 956068.0 2 3 4 9 10 11 14 15 19 21 58 59 #

86 941418.0 1 2 9 10 11 12 18 20 26 27 28 46 #

86 923962.0 2 3 8 9 10 11 14 17 19 33 41 65 #

86 886227.0 23 36 37 43 45 46 47 50 51 53 54 59 #

86 884738.0 3 11 12 13 19 20 28 36 44 45 46 47 #

86 883389.0 2 3 10 11 12 17 18 19 20 26 32 33 #

86 850624.0 1 2 3 9 10 11 12 16 17 18 19 20 #

87 227898.0 1 8 #

87 244533.0 0 1 #

88 1438204.0 8 16 17 18 25 26 32 33 34 41 42 48 50 53 54 55 58 59 60 61 62 63 #

88 1922038.0 13 20 27 28 29 30 35 36 37 40 41 45 48 49 50 53 54 55 56 61 62 63 #

88 1885472.0 4 28 29 30 34 36 37 40 42 45 46 49 50 51 52 53 54 55 57 61 63 65 #

88 1850156.0 5 21 22 29 30 37 38 42 45 46 48 49 50 51 52 53 54 57 60 61 62 63 #

88 1840139.0 1 2 3 8 10 30 33 41 42 43 46 49 50 51 52 53 54 57 60 61 62 63 #

88 1820806.0 0 1 9 26 29 34 35 36 42 43 44 46 51 52 53 54 55 59 60 61 62 63 #

88 1807951.0 21 30 32 38 40 41 45 47 48 49 51 52 53 54 56 57 58 59 60 61 62 63 #

88 1793197.0 17 18 19 24 25 26 33 34 40 41 42 43 48 49 50 51 53 54 55 61 62 63 #

89 5226682.0 0 1 4 5 6 7 8 9 13 14 15 16 17 19 20 21 22 24 25 26 27 28 29 30 31 32 33 34 35 36 37 38 39 40 41 42 43 44 45 46 47 48 49 50 51 52 54 55 56 60 62 63 64 65 #

89 5361794.0 0 1 2 3 4 5 8 9 10 11 12 13 16 17 18 20 21 24 25 26 27 28 29 30 32 33 34 35 36 37 38 40 41 42 43 44 45 46 47 48 49 50 51 53 54 55 57 58 59 61 62 63 64 65 #

89 5353635.0 0 1 2 3 4 5 6 7 8 9 10 11 12 13 14 15 16 17 18 19 20 21 22 24 25 26 27 28 29 30 31 32 33 34 35 36 37 38 39 41 42 43 44 45 46 48 50 51 54 55 58 59 62 63 #

89 5344823.0 1 2 3 4 5 6 7 8 9 10 11 12 13 14 15 17 20 21 22 23 24 25 26 27 28 29 30 31 32 33 34 35 36 37 38 39 40 41 42 43 44 45 46 47 48 49 50 51 53 54 57 58 59 61 #

89 5342840.0 0 1 2 3 4 5 6 7 9 10 11 12 13 14 15 16 17 18 19 20 21 22 23 24 25 26 27 28 29 30 31 32 33 34 35 36 37 38 39 41 42 43 44 45 46 47 49 50 51 54 57 58 59 61 #

89 5341982.0 0 1 2 3 4 5 6 7 8 9 10 11 12 13 14 15 16 17 18 19 20 21 22 24 25 26 27 28 29 30 31 32 33 34 35 36 37 38 39 41 42 44 45 46 49 50 51 54 55 58 59 62 63 64 #

89 5321365.0 1 2 3 4 5 6 7 8 9 10 11 12 13 15 16 17 18 19 20 21 22 23 25 26 27 29 30 31 32 33 34 35 36 37 38 39 40 41 42 43 44 45 46 47 49 50 51 52 53 54 55 58 62 63 #

89 5312759.0 0 1 2 3 4 5 6 7 9 10 11 12 13 14 15 17 18 19 20 21 22 24 26 27 28 29 30 31 32 33 34 35 36 37 38 39 41 42 43 44 45 46 47 49 50 51 52 53 54 58 59 60 61 62 #

90 407698.0 6 7 8 15 23 29 30 37 #

90 523389.0 13 14 18 21 27 28 29 37 #

90 515362.0 6 7 14 15 48 49 50 57 #

90 467898.0 15 23 28 29 30 31 37 39 #

90 431776.0 0 8 16 17 18 19 25 44 #

90 345264.0 6 7 13 14 15 20 22 30 #

90 285774.0 6 7 13 14 15 19 20 22 #

91 123410.0 11 20 #

91 129969.0 3 11 #

92 3450410.0 1 2 4 5 6 7 8 9 10 11 12 13 14 16 19 20 21 22 23 24 25 26 27 28 29 30 31 36 39 44 51 52 53 54 57 58 59 60 61 #

92 3956772.0 3 4 10 11 12 13 20 21 22 26 27 28 29 30 31 33 34 35 37 38 40 42 43 45 46 47 48 49 50 51 52 53 54 55 56 57 58 61 62 #

92 3911248.0 0 1 2 6 7 8 9 10 16 17 24 30 32 33 35 36 37 38 40 41 44 45 46 48 49 50 51 52 53 54 55 56 57 58 59 60 61 62 63 #

92 3907504.0 1 3 6 9 11 12 13 14 18 20 22 26 27 28 30 32 33 34 35 36 37 40 41 43 44 45 46 48 49 50 51 52 53 54 56 57 58 59 61 #

92 3861579.0 0 3 4 5 8 9 10 11 12 13 16 17 20 21 25 26 27 28 29 30 33 34 36 41 42 43 44 45 49 50 51 52 53 54 58 59 60 61 62 #

92 3861522.0 0 1 2 3 4 6 8 9 10 11 12 13 14 15 16 17 18 20 21 26 27 28 29 30 31 33 35 36 37 38 43 44 45 46 51 52 53 54 62 #

92 3829306.0 4 5 6 7 9 10 11 13 14 18 20 21 23 25 26 27 28 29 30 31 32 33 34 36 40 41 44 45 46 47 49 50 51 54 56 57 61 62 63 #

92 3820023.0 3 4 5 6 7 11 12 13 14 15 16 17 19 20 21 22 25 26 27 28 29 30 31 32 33 34 35 36 37 41 45 49 50 51 53 54 55 63 65 #

93 86062.0 30 #

94 275364.0 0 1 2 8 9 #

94 330604.0 0 1 8 16 17 #

94 302500.0 1 2 8 10 49 #

94 288228.0 2 3 10 11 42 #

94 269459.0 0 1 2 8 27 #

95 125968.0 31 39 #

95 150295.0 14 31 #

96 670906.0 0 1 2 8 9 10 17 44 45 #

96 771430.0 0 1 2 3 8 9 10 11 18 #

96 753214.0 1 2 3 9 10 11 18 19 56 #

96 737838.0 1 2 8 9 10 11 17 18 19 #

96 737165.0 0 1 10 11 12 13 20 38 64 #

96 727486.0 1 2 3 8 9 10 11 16 18 #

96 618062.0 29 36 37 38 44 45 46 47 54 #

96 560745.0 0 1 3 4 8 9 10 16 52 #

97 3134816.0 0 1 2 3 4 5 8 9 10 11 12 17 18 19 20 22 25 26 27 28 29 30 35 36 37 38 43 44 46 48 51 53 54 57 61 #

97 3372525.0 2 4 6 12 13 14 20 21 22 27 28 29 30 31 35 36 37 38 43 44 45 46 48 49 52 54 55 56 57 58 59 60 61 62 63 #

97 3317566.0 1 2 3 5 6 7 8 9 13 14 15 22 23 24 29 30 31 34 36 37 38 42 43 44 45 46 47 51 53 54 55 59 60 61 62 #

97 3293899.0 0 1 2 6 7 8 9 13 14 15 17 18 19 20 21 22 23 25 26 30 31 34 38 41 42 47 48 49 50 54 55 57 61 62 63 #

97 3261654.0 0 1 2 3 4 6 7 8 9 11 12 13 14 15 16 17 18 19 20 21 22 26 27 28 29 30 37 38 46 47 54 55 61 62 63 #

97 3256348.0 0 1 6 7 8 12 14 15 20 22 23 24 29 30 31 36 37 38 39 42 43 44 45 46 51 52 53 54 55 58 59 60 61 62 63 #

97 3252109.0 1 2 3 7 8 9 10 11 12 13 15 16 19 20 21 22 23 26 27 28 29 30 31 33 34 35 36 37 38 40 43 44 48 49 62 #

97 3247138.0 0 1 4 5 6 7 8 9 12 13 14 19 20 21 22 23 29 30 31 33 35 37 38 39 41 45 46 49 53 54 55 58 59 62 63 #

98 230322.0 48 56 57 #

98 245427.0 50 56 57 #

98 240109.0 40 48 57 #

98 186482.0 45 49 57 #

99 236826.0 25 26 27 34 #

99 239670.0 16 24 25 32 #

99 146256.0 13 20 27 28 #

99 139586.0 26 32 34 41 #

100 412517.0 13 18 19 20 27 28 33 #

100 601890.0 18 19 27 35 40 41 49 #

100 522066.0 10 11 19 40 45 46 49 #

100 455865.0 12 13 20 21 28 40 48 #

100 403346.0 28 29 36 44 45 52 60 #

100 400454.0 6 13 14 19 20 21 27 #

100 389340.0 33 34 41 42 50 51 59 #

100 333802.0 11 13 18 19 20 26 27 #

101 106991.0 45 #

102 476964.0 26 32 33 34 41 42 43 49 50 51 52 #

102 655809.0 1 8 11 16 17 18 25 26 38 51 59 #

102 635239.0 27 28 29 34 35 36 42 43 50 57 58 #

102 569029.0 15 22 23 34 41 42 43 50 51 52 60 #

102 550175.0 3 11 19 20 27 32 33 40 41 48 49 #

102 498068.0 19 20 26 34 40 41 42 43 49 50 51 #

102 463551.0 11 12 33 34 41 42 49 50 56 57 58 #

102 442422.0 12 16 20 24 32 50 51 56 57 58 62 #

103 353468.0 38 44 51 52 53 #

103 417513.0 48 49 50 51 57 #

103 322111.0 44 45 46 53 54 #

103 285977.0 37 44 45 51 52 #

103 276764.0 30 36 37 38 65 #

103 179794.0 34 39 44 51 52 #

104 43245.0 49 #

105 387330.0 35 40 41 49 #

105 366457.0 40 41 48 49 #

105 287186.0 40 49 56 57 #

105 278797.0 35 43 51 55 #

105 248660.0 36 41 42 50 #

106 2728779.0 3 4 6 7 9 10 11 12 13 14 15 16 17 18 19 20 21 23 25 26 27 28 29 30 35 36 37 38 43 51 63 #

106 2972979.0 1 2 3 4 5 8 9 10 11 13 16 17 18 19 24 25 27 28 29 36 37 38 40 42 45 48 49 50 51 56 57 #

106 2898219.0 1 2 3 4 6 7 8 9 10 11 12 13 14 16 17 18 19 20 21 24 25 26 27 28 29 30 36 47 48 49 57 #

106 2878812.0 1 2 3 9 10 11 16 17 18 19 20 24 25 26 27 28 29 33 35 36 37 38 41 42 46 47 48 55 56 57 64 #

106 2840017.0 0 1 2 3 5 8 9 10 11 16 17 18 19 24 25 32 37 38 41 42 44 45 46 47 48 49 50 54 56 57 58 #

106 2835254.0 2 3 4 5 6 7 8 10 11 12 13 14 15 16 17 18 19 20 21 22 25 27 28 29 35 43 48 49 54 56 57 #

106 2827971.0 0 1 2 3 4 5 6 8 9 10 11 12 13 14 15 17 18 19 20 21 22 25 26 27 28 29 36 42 55 62 63 #

106 2808312.0 0 1 2 3 4 5 8 9 10 11 12 13 16 17 18 19 20 24 25 26 27 31 32 35 39 44 48 49 56 57 61 #

107 2828809.0 2 3 4 5 7 9 10 11 12 13 14 15 18 19 20 21 22 23 25 26 27 28 29 31 33 34 35 36 37 38 43 44 46 52 53 61 62 #

107 3193199.0 1 2 3 4 5 6 10 11 12 13 14 17 18 19 20 21 23 25 26 27 28 29 30 31 33 34 35 36 40 41 42 44 45 48 49 50 52 #

107 3125936.0 2 3 4 5 6 7 9 10 11 12 13 14 15 18 19 20 21 22 23 27 28 29 30 31 35 36 37 38 39 40 45 47 48 49 50 51 57 #

107 3116194.0 1 2 3 4 5 7 8 9 10 11 12 13 14 15 17 18 19 20 21 22 23 26 27 28 29 30 31 33 35 36 37 41 42 43 45 54 58 #

107 3108042.0 0 1 2 4 11 12 14 15 16 17 18 19 22 27 29 30 34 35 36 38 40 41 42 43 44 45 48 49 50 51 52 53 54 57 59 60 61 #

107 3071405.0 2 3 4 5 9 10 11 12 13 14 16 17 18 19 23 25 26 27 31 33 34 35 36 39 40 41 42 43 48 49 50 51 53 56 57 58 59 #

107 3034685.0 7 10 11 12 13 14 15 17 18 19 20 21 22 24 25 26 27 30 31 32 33 34 35 37 38 40 41 42 43 46 48 49 51 52 53 57 60 #

107 3027270.0 3 4 5 7 10 11 12 13 14 17 18 19 26 27 28 32 33 34 35 36 40 41 42 43 48 49 50 51 52 53 54 56 57 58 59 60 62 #

108 1231663.0 0 1 2 3 4 8 9 10 16 17 24 25 32 33 34 41 #

108 1459148.0 1 8 9 16 17 20 24 25 26 32 33 34 40 41 50 51 #

108 1431945.0 0 1 8 9 16 17 18 20 24 25 26 27 28 36 43 64 #

108 1336674.0 0 1 2 8 9 10 16 17 18 24 25 26 27 33 34 41 #

108 1336435.0 0 1 8 9 11 16 18 20 21 26 27 33 41 49 50 63 #

108 1328955.0 0 1 2 3 8 9 10 17 32 33 35 41 43 49 50 51 #

108 1325385.0 0 1 8 9 18 26 32 33 40 41 42 44 48 49 50 51 #

108 1292168.0 17 20 25 26 27 28 29 33 34 41 44 49 50 51 52 53 #

109 119231.0 51 #

110 64539.0 1 14 22 #

111 1514374.0 3 4 5 11 13 14 20 24 26 32 34 38 40 41 48 49 50 56 57 61 #

111 1829525.0 1 2 3 4 9 10 11 12 21 37 38 46 47 51 52 53 54 55 60 61 #

111 1738951.0 2 3 4 5 9 10 11 12 13 17 18 19 20 21 26 27 28 29 33 58 #

111 1713429.0 3 4 6 7 10 11 12 17 18 19 20 21 27 29 42 43 60 61 62 63 #

111 1710795.0 8 11 16 17 18 24 25 26 32 34 40 42 43 44 46 49 50 51 53 54 #

111 1671651.0 3 11 14 15 17 18 19 24 25 26 27 28 32 33 34 41 42 43 50 51 #

111 1667713.0 11 13 14 18 19 20 21 24 25 26 27 28 30 31 36 38 46 48 56 57 #

111 1588459.0 1 2 3 4 5 8 9 10 11 12 13 16 20 21 24 28 29 30 54 57 #

112 213500.0 16 24 26 27 32 33 34 #

112 304456.0 7 14 32 33 34 61 62 #

112 244652.0 1 6 8 9 16 17 24 #

113 1075891.0 14 22 26 41 42 43 48 49 50 51 52 57 58 59 #

113 1384967.0 21 26 27 35 42 43 48 50 51 56 57 58 59 61 #

113 1227408.0 8 13 20 21 25 41 48 49 50 51 52 57 58 59 #

113 1197398.0 24 25 26 34 41 42 43 48 49 50 51 52 56 57 #

113 1191024.0 8 40 41 42 43 48 49 50 51 56 57 58 59 60 #

113 1163656.0 40 41 42 43 44 45 48 49 50 51 52 56 57 58 #

113 1114382.0 1 8 9 11 17 18 24 25 26 27 33 34 41 56 #

113 1108947.0 5 12 13 14 15 20 21 23 27 28 29 43 44 52 #

114 467062.0 16 17 24 25 26 34 41 42 #

114 663561.0 24 25 26 32 40 41 48 63 #

114 639465.0 9 17 18 25 26 44 54 55 #

114 608856.0 25 26 32 34 40 41 49 57 #

114 452102.0 0 8 9 16 53 54 55 62 #

114 422348.0 32 33 34 40 41 42 48 49 #

114 421406.0 19 20 26 27 33 34 41 42 #

114 358585.0 11 16 17 18 19 24 25 32 #

115 1870092.0 4 5 25 26 27 32 33 34 35 40 41 42 43 44 46 48 50 51 52 53 54 55 57 59 60 61 62 63 #

115 2196314.0 0 8 9 24 26 32 33 38 40 41 42 46 48 49 50 51 52 53 54 56 57 58 59 60 61 62 63 65 #

115 2171137.0 1 2 3 10 11 18 19 24 26 27 32 33 38 41 42 45 46 47 48 49 50 51 52 53 54 56 57 58 #

115 2164265.0 7 15 20 22 23 26 28 30 31 33 38 43 46 47 49 50 51 52 53 54 55 57 58 59 60 61 62 63 #

115 2131749.0 6 8 9 16 32 33 38 40 41 42 46 47 48 49 50 51 52 53 54 55 56 57 58 59 60 61 62 63 #

115 2123743.0 6 7 9 10 11 14 15 17 19 22 23 30 31 38 39 44 46 47 52 53 54 55 58 59 60 61 62 63 #

115 2118218.0 0 1 2 3 4 5 6 7 8 9 10 11 13 14 15 21 22 27 28 29 30 31 37 38 39 52 53 61 #

115 2115570.0 0 6 11 13 20 22 26 27 28 30 31 33 35 36 37 38 40 41 43 46 49 50 51 52 53 58 59 61 #

116 598978.0 21 22 29 30 36 37 38 45 #

116 687722.0 11 20 21 27 28 29 35 36 #

116 626104.0 36 37 38 45 46 52 53 54 #

116 594645.0 20 26 27 28 29 36 37 45 #

116 560404.0 3 11 12 19 20 21 27 28 #

116 540965.0 23 28 29 37 38 45 46 53 #

116 525130.0 7 31 35 36 37 43 44 52 #

116 473336.0 13 21 22 28 29 30 37 38 #

117 552369.0 4 5 11 12 13 18 19 20 26 55 #

117 809546.0 3 4 5 13 46 52 53 54 61 62 #

117 759813.0 4 5 6 7 12 13 14 15 20 64 #

117 716946.0 4 5 6 7 13 14 15 21 34 40 #

117 625767.0 12 19 20 21 27 28 29 35 37 39 #

117 538036.0 18 19 26 27 34 42 48 49 50 56 #

117 532432.0 8 16 17 18 19 25 26 27 35 58 #

117 481942.0 3 4 11 12 13 18 19 20 21 34 #

118 4480199.0 1 6 7 8 9 11 12 13 14 15 17 19 20 21 22 23 24 25 26 27 28 29 30 31 32 33 34 35 36 37 38 39 41 42 44 45 46 48 49 50 51 53 54 56 57 58 61 #

118 4687368.0 0 2 3 7 8 9 10 13 14 15 16 17 18 20 21 22 23 24 25 26 27 28 29 30 31 32 36 37 38 39 40 44 45 46 47 48 49 50 51 52 53 54 58 59 60 61 63 #

118 4680923.0 0 8 9 11 13 15 17 20 21 22 23 24 25 26 27 28 29 30 31 32 33 34 35 36 37 38 39 40 41 42 43 44 45 46 47 48 49 50 51 52 53 56 57 58 60 61 63 #

118 4647730.0 1 5 8 9 10 11 12 13 15 16 17 18 19 20 21 22 23 24 25 26 27 28 29 30 31 33 34 35 36 37 38 39 43 44 45 46 47 51 52 53 54 55 59 60 61 62 63 #

118 4633204.0 2 3 6 8 9 10 13 14 15 16 17 18 20 21 22 24 25 26 27 28 29 30 32 33 34 35 36 37 38 42 43 44 45 46 47 50 51 52 53 54 55 59 60 61 62 63 65 #

118 4631313.0 0 1 2 3 4 5 7 8 9 10 11 12 13 14 15 16 17 20 21 25 26 27 28 32 33 34 35 36 38 40 41 42 43 44 45 46 47 48 49 50 51 52 54 57 58 59 60 #

118 4620074.0 9 10 11 13 14 15 16 17 18 20 21 22 24 25 26 27 28 29 30 32 33 34 35 36 37 38 40 41 42 43 44 45 46 47 49 50 51 52 53 54 55 58 59 60 61 62 63 #

118 4599144.0 2 3 4 5 7 9 10 13 14 15 16 17 18 20 21 23 24 25 26 27 28 29 31 33 34 35 36 37 38 42 44 45 46 47 49 50 51 52 53 54 55 57 58 59 60 62 63 #

119 495127.0 1 40 48 54 55 56 57 #

119 674117.0 32 40 41 48 49 56 64 #

119 664913.0 40 41 48 49 50 56 57 #

119 619089.0 26 34 40 41 49 50 57 #

119 597880.0 32 40 41 48 49 56 57 #

119 511496.0 3 10 54 55 58 62 63 #

119 509884.0 45 46 53 54 55 62 63 #

119 438778.0 1 2 3 8 9 16 17 #

120 174991.0 7 14 63 #

120 121173.0 6 7 14 #

120 117661.0 7 13 14 #

121 712079.0 5 13 32 37 40 44 49 51 55 63 #

121 976265.0 16 17 27 35 36 37 38 45 46 62 #

121 800224.0 1 2 8 10 36 37 44 45 48 52 #

121 717484.0 2 3 17 30 40 41 48 49 50 57 #

121 709488.0 5 36 38 41 42 44 45 51 52 53 #

121 652073.0 26 27 32 33 34 40 41 42 48 49 #

121 649613.0 3 4 5 6 7 13 14 20 21 22 #

121 636090.0 13 19 20 27 28 35 36 54 55 63 #

122 1480429.0 26 27 33 34 35 40 41 42 43 48 49 50 51 52 53 54 55 56 57 62 #

122 1564881.0 21 33 38 40 41 42 43 44 46 48 49 50 51 53 54 55 56 57 61 63 #

122 1557580.0 17 25 26 27 32 33 34 40 41 42 43 48 49 50 51 54 56 57 58 59 #

122 1531566.0 40 41 42 45 46 47 48 49 50 51 52 53 54 57 58 59 60 61 62 63 #

122 1529322.0 2 3 4 5 11 19 20 32 40 41 42 44 48 49 50 51 52 56 57 61 #

122 1464222.0 5 9 13 26 30 33 34 40 41 42 43 48 49 50 51 52 53 57 58 59 #

122 1446603.0 26 32 33 40 41 42 43 44 48 49 50 51 52 56 57 58 59 60 61 63 #

122 1395038.0 11 19 33 34 40 41 42 48 49 50 51 52 53 54 56 57 58 59 60 61 #

123 104406.0 65 #

124 846952.0 3 4 5 11 12 19 26 27 34 49 #

124 1040407.0 0 1 2 3 9 10 13 21 28 29 #

124 941850.0 11 12 18 19 20 21 26 27 28 52 #

124 917899.0 2 3 4 10 11 18 19 26 27 33 #

124 904118.0 12 18 19 24 25 26 27 33 34 42 #

124 873058.0 3 4 5 10 11 12 20 27 28 62 #

124 864420.0 3 4 10 11 19 20 26 27 32 40 #

124 862810.0 25 26 27 34 40 41 48 49 56 60 #

125 912746.0 8 9 10 11 12 13 18 20 24 27 28 32 40 57 #

125 1279208.0 3 4 5 11 12 18 19 31 38 45 46 47 53 61 #

125 1234390.0 1 3 4 5 9 10 11 12 13 17 19 20 26 27 #

125 1185707.0 9 17 24 32 33 40 41 44 46 49 50 51 52 60 #

125 1182325.0 12 13 18 19 20 21 27 28 35 45 46 60 61 62 #

125 1091464.0 0 1 2 8 9 10 16 17 20 21 26 27 28 29 #

125 1061213.0 2 3 4 5 10 11 12 13 19 20 27 28 29 36 #

125 1044288.0 1 8 9 16 17 18 24 25 32 33 34 41 49 64 #

126 121157.0 46 54 #

126 110691.0 54 55 #

126 92793.0 38 46 #

127 323632.0 30 31 38 #

127 310627.0 31 40 41 #

127 300665.0 30 38 46 #

127 256104.0 22 30 38 #

128 124545.0 30 31 39 #

128 140876.0 15 23 31 #

128 98749.0 16 30 31 #

129 103834.0 12 #

130 1406574.0 0 1 2 8 9 10 16 17 27 35 36 42 43 44 45 46 52 53 64 #

130 1718608.0 27 34 35 36 37 38 39 42 43 44 45 46 47 50 51 52 53 54 60 #

130 1659222.0 15 22 28 29 30 35 36 37 38 43 44 45 46 47 51 53 54 60 61 #

130 1606598.0 26 27 30 33 35 36 37 38 41 42 43 44 45 48 50 51 52 56 57 #

130 1589472.0 21 28 29 30 35 36 37 38 42 43 44 45 46 51 52 53 54 61 62 #

130 1588789.0 0 5 35 36 42 43 44 45 46 47 51 52 53 54 55 59 60 63 64 #

130 1582631.0 23 32 37 38 40 41 45 46 47 48 49 51 52 53 54 55 56 57 62 #

130 1569986.0 0 8 12 20 21 27 29 30 35 36 37 38 43 46 47 53 54 55 65 #

131 1673750.0 4 5 12 13 20 21 28 34 36 40 41 42 44 48 49 50 51 52 56 57 59 #

131 2105161.0 3 6 11 13 18 19 20 27 28 38 41 43 46 47 48 49 50 51 54 55 56 #

131 2014634.0 5 6 7 12 13 14 15 17 18 19 20 21 22 26 27 28 29 30 34 38 47 #

131 1952580.0 1 3 4 5 10 11 12 13 18 20 21 26 27 34 41 48 49 50 56 57 65 #

131 1861587.0 0 1 8 9 10 12 16 32 33 40 42 46 47 48 49 53 54 55 57 62 63 #

131 1834083.0 0 25 26 38 41 43 44 45 46 47 48 49 51 52 53 54 55 57 59 60 61 #

131 1772516.0 11 12 13 18 19 20 26 27 28 34 41 42 43 44 48 49 50 51 56 57 58 #

131 1763809.0 19 20 22 27 28 30 31 34 35 38 39 42 43 46 49 50 51 52 53 57 59 #

132 1046625.0 4 10 11 12 16 17 18 19 24 28 32 33 34 40 41 42 #

132 1108246.0 15 16 17 24 32 33 34 36 40 41 42 43 44 45 51 52 #

132 1090504.0 16 17 18 24 25 26 32 33 40 41 45 48 49 53 56 57 #

132 1084151.0 2 3 4 5 10 11 12 13 14 15 17 18 20 27 53 65 #

132 1076293.0 1 2 3 4 5 9 10 11 13 19 44 45 47 52 59 60 #

132 1065565.0 11 12 17 18 19 25 32 33 34 40 41 42 43 50 54 55 #

132 1034499.0 6 7 10 11 15 18 19 22 27 28 29 33 34 35 36 42 #

132 1018115.0 16 24 25 32 33 34 40 41 42 43 44 45 50 51 53 58 #

133 317555.0 12 18 20 26 27 #

133 409752.0 12 13 20 27 51 #

133 388945.0 12 20 48 49 57 #

133 350421.0 3 4 10 11 18 #

133 309401.0 19 20 21 26 27 #

133 196541.0 18 26 27 34 42 #

134 825246.0 26 33 34 40 41 42 43 44 49 50 58 #

134 972105.0 17 24 25 26 30 35 43 44 45 46 52 #

134 905205.0 17 25 28 29 34 36 42 43 44 50 51 #

134 858431.0 26 27 33 34 40 41 42 43 44 48 49 #

134 833870.0 6 7 22 41 45 49 50 53 57 58 61 #

134 830069.0 26 27 33 34 35 42 43 44 51 59 60 #

134 794984.0 25 26 33 34 35 41 43 44 51 54 62 #

134 787267.0 11 35 36 41 42 43 44 49 50 51 57 #

135 352276.0 59 60 61 62 #

135 416950.0 51 59 60 61 #

135 373302.0 58 59 60 61 #

135 366385.0 11 61 62 63 #

135 326834.0 51 52 59 60 #

136 1605484.0 13 14 20 21 27 28 29 30 35 36 37 38 43 44 45 46 54 #

136 1735394.0 0 3 10 13 20 21 26 27 28 29 30 32 33 34 36 37 38 #

136 1715589.0 2 3 4 5 10 25 26 27 29 30 31 33 35 36 42 43 55 #

136 1634305.0 3 5 11 20 21 26 27 28 34 35 36 37 42 43 51 52 60 #

136 1624705.0 5 11 12 13 20 21 26 27 28 29 33 34 35 36 37 38 46 #

136 1592661.0 0 2 3 27 28 29 35 36 37 43 44 45 46 54 55 62 63 #

136 1575674.0 3 10 11 18 20 27 28 32 33 34 35 40 41 42 43 49 51 #

136 1543808.0 7 14 15 22 26 27 28 29 30 31 36 37 38 39 40 44 48 #

137 4390062.0 0 1 3 8 9 10 11 13 16 17 18 19 20 21 26 27 28 29 32 33 34 35 36 37 41 42 44 45 46 47 48 49 50 51 52 53 54 55 56 57 58 59 60 61 62 63 #

137 4666624.0 0 1 2 3 4 6 7 8 9 10 11 12 13 14 15 16 17 18 19 20 23 25 26 27 28 29 32 33 36 38 41 44 46 48 50 51 52 53 54 56 57 59 60 61 62 63 #

137 4654779.0 1 2 3 4 5 6 7 10 11 13 14 15 17 18 19 20 21 22 23 25 26 27 28 29 30 34 36 40 42 44 45 48 49 50 51 52 53 54 55 56 57 59 60 61 62 63 #

137 4630328.0 0 1 2 3 6 7 8 10 11 15 17 18 19 20 22 23 25 26 27 28 31 32 33 34 36 40 41 42 44 45 46 48 49 50 51 52 53 54 55 56 57 58 59 61 62 63 #

137 4628335.0 0 1 2 3 4 8 9 10 11 12 15 16 17 18 19 20 21 22 24 25 26 27 28 29 30 32 33 34 35 36 38 40 41 42 43 48 49 50 51 52 53 56 57 60 61 62 #

137 4613607.0 0 1 2 3 4 5 8 9 10 11 12 13 14 17 18 19 20 21 28 29 30 32 33 34 36 38 40 41 42 43 44 45 46 48 49 50 51 52 53 56 57 58 59 60 61 65 #

137 4570326.0 2 3 4 6 7 9 10 11 12 13 14 15 16 17 18 19 20 21 22 23 25 27 28 29 30 31 32 33 38 39 40 41 42 43 44 45 49 50 51 52 58 59 60 61 62 63 #

137 4559866.0 0 1 2 3 4 5 6 7 8 9 10 11 12 13 14 15 16 17 18 19 20 21 22 23 26 28 31 32 33 34 39 40 41 42 47 48 49 50 51 52 56 57 58 59 60 64 #

138 1972266.0 0 2 8 9 11 12 13 16 17 18 19 20 21 24 25 26 27 29 35 37 43 44 45 46 53 #

138 2298271.0 1 2 3 10 11 13 19 20 21 27 36 40 44 45 46 47 51 52 53 54 58 59 60 61 62 #

138 2226388.0 1 2 3 9 10 11 17 18 19 20 21 24 25 27 36 37 38 44 45 46 47 52 53 54 64 #

138 2221996.0 0 1 3 4 5 10 11 12 13 14 20 21 27 28 36 37 38 43 44 45 46 47 51 55 63 #

138 2145897.0 3 4 5 10 11 12 13 16 17 18 19 20 21 24 26 27 28 34 35 36 41 43 61 62 63 #

138 2107601.0 1 2 3 8 9 10 11 12 13 17 18 19 20 21 37 38 40 46 47 48 49 50 56 57 61 #

138 2093738.0 1 2 3 8 9 10 11 12 16 20 24 25 26 28 44 46 51 52 53 54 55 60 61 62 63 #

138 2052399.0 2 3 4 5 8 9 10 11 12 13 19 20 21 23 26 27 28 29 33 36 37 45 46 56 61 #

139 1092839.0 12 38 43 46 51 52 53 54 55 59 60 61 62 63 #

139 1266839.0 0 2 9 10 14 15 25 26 45 46 54 55 62 63 #

139 1220640.0 30 40 43 44 45 46 47 51 53 54 58 59 60 61 #

139 1211734.0 17 18 26 40 43 45 46 49 53 54 56 57 61 62 #

139 1150011.0 2 3 4 5 10 11 12 13 19 20 26 27 55 63 #

139 1094235.0 1 2 8 10 44 45 46 52 53 54 55 60 61 63 #

139 1056549.0 26 27 41 42 43 44 49 50 51 52 58 59 60 61 #

139 1049530.0 6 11 12 13 14 19 20 21 27 29 30 32 33 40 #

140 164086.0 15 22 23 #

140 180289.0 23 42 43 #

140 171738.0 22 30 38 #

141 690887.0 5 6 7 13 14 15 22 23 48 49 56 #

141 977857.0 6 9 10 11 13 14 15 17 20 21 22 #

141 937301.0 5 13 16 17 19 20 21 24 27 29 37 #

141 896651.0 7 15 22 23 27 28 36 37 43 44 56 #

141 869618.0 15 23 26 27 52 53 54 55 61 62 64 #

141 840779.0 5 6 7 13 14 15 20 21 22 23 28 #

141 746269.0 6 7 13 14 15 20 22 28 36 44 65 #

141 695040.0 4 12 15 22 23 29 30 32 37 41 42 #

142 422240.0 4 12 45 53 54 60 61 #

142 521128.0 45 46 47 52 53 54 55 #

142 417235.0 37 44 45 46 53 54 57 #

142 394430.0 1 8 14 46 53 54 55 #

142 389295.0 3 4 33 35 42 43 55 #

142 354340.0 46 52 53 54 59 60 61 #

142 311505.0 3 4 11 12 18 20 27 #

142 308608.0 51 52 53 58 59 60 61 #

143 611090.0 27 28 35 36 37 43 44 45 51 52 #

143 796971.0 1 11 18 19 20 26 27 28 35 36 #

143 744158.0 11 27 35 40 41 43 48 49 56 57 #

143 659588.0 2 37 44 45 46 48 49 50 56 57 #

143 582643.0 36 44 46 51 52 53 54 61 62 63 #

143 575159.0 20 21 28 29 36 37 38 45 46 52 #

143 568312.0 26 34 36 43 44 49 50 51 52 57 #

143 524688.0 25 26 27 28 32 33 36 41 44 51 #

144 1542304.0 1 2 3 4 10 11 12 17 18 19 20 26 27 33 34 35 41 42 43 51 55 #

144 1795275.0 3 11 13 14 16 17 18 19 20 25 26 27 35 37 38 45 46 47 50 54 57 #

144 1780657.0 1 3 9 10 11 17 20 21 25 26 27 28 29 32 33 36 43 44 45 55 63 #

144 1685539.0 17 18 19 26 27 28 29 33 35 41 42 43 44 50 51 52 53 54 56 58 61 #

144 1640361.0 5 7 11 13 14 18 19 22 27 28 29 37 38 45 46 47 54 55 61 62 63 #

144 1631741.0 8 10 11 18 19 20 25 26 27 28 29 34 35 43 46 51 52 53 59 60 61 #

144 1627199.0 2 3 7 10 11 13 15 18 19 20 22 26 27 28 35 36 44 45 50 51 58 #

144 1613049.0 14 15 16 17 18 19 24 25 26 27 32 33 34 40 41 42 43 49 50 51 57 #

145 4244532.0 0 1 2 3 8 9 10 11 12 13 16 17 18 19 20 24 25 26 27 28 29 30 31 32 34 35 36 37 38 39 40 41 42 43 44 45 46 47 50 51 52 53 54 55 57 58 59 64 #

145 4624124.0 2 3 4 5 6 7 10 11 13 14 15 17 18 19 20 21 22 23 25 26 27 28 29 30 31 33 34 36 37 38 40 41 43 45 46 47 48 49 50 51 53 54 55 56 57 60 61 65 #

145 4593882.0 0 1 2 3 4 6 8 9 11 12 15 16 17 18 19 20 21 24 25 26 27 28 29 30 32 34 35 36 37 38 40 41 42 43 44 45 46 48 49 50 51 53 54 55 56 57 60 61 #

145 4564971.0 0 1 2 3 4 5 6 8 9 10 11 12 13 14 15 16 17 18 19 20 21 22 23 26 27 28 29 30 31 34 35 36 37 38 39 41 42 43 45 46 47 49 50 51 53 54 55 59 #

145 4556548.0 2 3 4 5 6 7 8 9 11 12 13 14 15 16 17 18 19 20 21 22 23 24 25 26 27 28 29 30 31 34 35 36 37 38 42 43 44 45 46 47 50 51 52 53 54 55 59 63 #

145 4531838.0 1 2 4 5 6 7 8 9 11 12 13 14 15 16 17 18 20 21 22 23 24 25 26 27 28 29 30 31 32 34 38 39 40 41 42 46 47 49 50 51 53 54 56 57 58 59 60 61 #

145 4524309.0 0 1 2 6 7 8 9 10 14 15 16 17 18 19 20 21 22 23 24 25 26 27 28 29 30 31 33 34 35 36 38 39 40 41 42 43 44 45 46 47 49 50 51 53 57 58 59 60 #

145 4522361.0 0 1 2 3 5 6 7 8 9 10 11 13 14 15 16 17 18 19 20 21 22 23 24 25 26 27 28 29 30 35 36 37 38 43 44 46 47 50 51 52 53 54 55 59 61 62 63 65 #

146 214156.0 38 46 53 54 55 #

146 318470.0 22 28 29 30 38 #

146 307292.0 30 38 45 46 53 #

146 270953.0 14 15 44 45 53 #

146 247308.0 35 43 46 54 55 #

146 135353.0 45 46 47 54 62 #

147 898718.0 3 4 5 10 11 12 13 19 20 21 27 59 60 61 #

147 1014881.0 3 4 5 11 12 20 34 38 40 41 48 49 60 61 #

147 1014860.0 2 3 4 5 12 19 20 21 27 29 30 31 61 62 #

147 952998.0 10 11 12 19 20 21 27 35 36 40 41 48 49 51 #

147 931635.0 3 11 12 19 20 21 27 35 36 37 38 50 51 52 #

147 928447.0 29 31 36 37 39 44 45 46 52 53 54 55 60 61 #

147 926788.0 11 12 19 20 21 26 27 33 35 42 45 46 47 51 #

147 924898.0 2 3 4 5 10 11 12 13 19 20 21 27 28 29 #

148 2284905.0 0 1 2 3 4 5 8 9 10 11 13 16 17 18 19 20 24 25 26 27 28 32 34 35 41 58 #

148 2470199.0 5 7 13 14 15 16 17 18 20 21 22 24 25 26 27 28 29 32 35 38 40 41 43 44 45 49 #

148 2403048.0 0 8 11 16 17 18 20 24 25 26 27 32 34 40 41 43 48 49 50 51 56 57 58 59 60 61 #

148 2402852.0 0 1 5 6 7 8 9 12 13 14 15 16 17 18 20 21 22 23 24 25 26 27 28 29 30 34 #

148 2358988.0 0 1 2 3 4 5 8 9 10 11 12 13 14 16 17 18 20 21 22 25 26 27 28 35 36 47 #

148 2332377.0 1 2 3 4 5 6 7 8 9 10 11 13 14 15 16 17 18 22 23 24 25 31 39 40 41 49 #

148 2331293.0 0 1 2 7 8 9 10 11 14 15 16 17 18 19 20 22 23 24 25 26 27 31 35 39 48 65 #

148 2329766.0 2 3 4 5 10 11 12 16 17 18 19 20 24 25 26 27 28 29 30 32 34 35 41 50 58 59 #

149 116140.0 6 14 42 #

149 155326.0 6 7 14 #

149 144509.0 6 13 14 #

150 154990.0 6 7 14 22 63 #

150 177523.0 6 7 14 15 23 #

150 144392.0 13 14 15 22 48 #

150 143744.0 7 13 14 15 22 #

150 137443.0 7 14 15 22 23 #

151 288162.0 35 43 51 #

151 253877.0 26 27 35 #

151 225530.0 51 52 53 #

151 216928.0 35 42 43 #

152 287353.0 41 42 43 51 #

152 305371.0 43 44 51 52 #

152 275280.0 42 51 52 53 #

152 171414.0 34 41 42 51 #

153 1073301.0 8 9 16 37 40 41 45 48 49 50 51 53 54 56 57 61 #

153 1316948.0 28 32 36 38 40 41 43 44 45 46 47 49 51 52 53 54 #

153 1309633.0 31 35 37 38 39 43 44 45 46 50 51 52 53 54 62 63 #

153 1268117.0 3 10 11 12 20 25 26 27 32 40 46 48 53 54 55 58 #

153 1202139.0 36 37 38 44 45 46 47 51 52 53 54 55 60 61 62 63 #

153 1090915.0 0 1 2 3 8 9 17 32 33 40 41 42 44 45 53 59 #

153 1065520.0 26 32 33 34 40 41 42 43 44 45 48 49 50 51 56 57 #

153 1059740.0 26 32 33 34 36 37 38 41 43 44 45 46 50 52 53 61 #

154 7803.0 19 #

155 1389588.0 7 18 32 33 38 41 45 46 48 49 50 53 54 55 56 57 58 62 63 #

155 1655452.0 0 1 2 8 9 10 17 19 42 51 52 53 58 59 60 61 62 63 65 #

155 1643432.0 0 1 9 16 17 24 33 34 42 43 44 45 46 47 50 51 53 54 58 #

155 1619267.0 0 1 9 10 16 17 18 32 33 40 41 42 43 48 49 50 51 56 57 #

155 1609063.0 0 1 2 9 19 30 38 43 44 45 46 47 51 52 53 54 55 62 63 #

155 1602701.0 8 9 10 16 17 33 34 38 40 41 42 48 49 50 51 56 57 58 59 #

155 1542550.0 1 2 6 8 9 10 12 21 28 29 30 31 35 36 37 38 39 40 45 #

155 1520518.0 0 1 26 27 32 33 34 40 41 42 43 44 48 49 50 51 52 57 59 #

156 437965.0 6 7 35 36 43 50 #

156 496276.0 7 16 26 42 43 51 #

156 452457.0 41 49 50 51 57 59 #

156 334534.0 6 7 13 14 15 22 #

156 258677.0 11 13 20 21 27 35 #

156 177345.0 2 9 27 28 29 36 #

157 2317819.0 0 1 2 3 4 5 8 9 10 11 12 13 17 18 19 20 21 23 24 25 26 27 28 29 33 35 36 45 48 49 52 56 57 60 61 #

157 3086062.0 5 9 13 14 15 17 18 20 22 27 28 29 30 31 35 36 37 38 39 40 41 43 44 45 46 47 50 51 52 53 54 56 57 60 65 #

157 3050540.0 9 17 18 19 22 24 26 27 28 29 30 32 33 34 37 38 40 41 42 43 45 46 47 48 49 50 51 52 53 54 56 57 58 59 60 #

157 3049647.0 20 21 27 28 29 30 31 32 33 34 35 36 37 38 40 41 42 43 44 45 46 47 48 50 51 52 53 54 55 57 58 59 61 62 63 #

157 3021548.0 14 15 18 22 23 24 26 27 28 29 30 31 33 34 36 37 38 39 40 41 42 43 44 45 46 49 50 51 52 53 54 58 59 61 62 #

157 3017070.0 7 14 15 18 19 20 22 24 25 26 27 28 29 30 31 33 35 36 37 38 41 43 44 45 46 47 49 50 51 52 53 54 57 58 62 #

157 2942489.0 0 1 2 3 8 9 10 11 13 16 17 18 19 20 24 25 26 27 28 30 36 37 38 41 43 45 46 47 50 51 53 54 57 58 59 #

157 2928100.0 1 8 9 13 14 15 16 17 19 22 23 27 28 29 30 31 35 36 37 38 39 40 43 44 45 46 48 49 50 51 53 54 56 57 62 #

158 1890971.0 2 3 10 17 18 25 26 32 33 34 40 41 42 43 48 49 50 51 52 53 56 57 59 #

158 2209896.0 0 1 2 3 4 9 10 11 12 16 17 20 25 26 34 40 41 47 48 49 57 63 64 #

158 2127606.0 0 1 2 3 8 9 10 11 16 17 24 25 32 34 38 40 41 48 49 50 56 57 65 #

158 2054048.0 16 17 24 25 26 27 28 32 33 34 35 36 40 41 42 43 48 49 50 51 56 57 58 #

158 2024749.0 18 19 24 25 26 27 28 29 30 34 37 40 41 42 45 48 49 51 52 53 54 56 61 #

158 1971278.0 3 10 11 12 20 24 25 26 27 28 32 33 34 35 40 41 48 49 50 51 56 57 58 #

158 1969409.0 1 2 9 16 17 18 20 21 25 26 27 28 29 30 33 34 35 36 39 41 43 49 59 #

158 1960887.0 3 11 16 17 24 25 26 32 33 34 35 40 41 42 43 48 49 50 51 52 56 57 58 #

159 1126864.0 0 1 2 3 8 9 10 18 19 20 24 32 40 41 48 62 63 #

159 1477832.0 0 1 2 3 8 9 10 16 29 35 36 37 38 41 50 56 57 #

159 1474475.0 0 1 2 3 4 5 8 9 10 11 12 17 18 19 25 38 46 #

159 1460047.0 0 1 2 3 8 9 10 17 22 26 33 34 39 40 41 52 60 #

159 1427830.0 1 2 3 8 9 10 17 18 19 26 33 34 40 41 42 49 60 #

159 1392285.0 4 5 7 14 15 22 45 46 51 52 53 54 58 59 60 61 62 #

159 1381564.0 2 3 10 12 15 21 23 30 32 40 41 42 43 45 48 49 57 #

159 1353908.0 0 1 2 3 4 5 9 10 11 12 18 19 20 25 26 27 56 #

160 527674.0 46 47 54 55 63 #

160 526815.0 37 45 46 47 54 #

160 466235.0 37 38 45 46 47 #

160 317568.0 32 41 46 54 55 #

160 298077.0 14 22 30 54 55 #

161 145491.0 42 43 #

161 148880.0 42 51 #

162 174611.0 26 32 33 34 41 #

162 246651.0 31 33 34 41 49 #

162 149661.0 34 41 42 43 50 #

162 108350.0 32 33 34 40 42 #

163 1161007.0 6 7 14 15 22 23 29 30 31 37 38 45 46 47 50 #

163 1308788.0 10 29 30 37 38 41 42 43 44 45 46 47 51 53 54 #

163 1242905.0 0 6 7 38 41 42 43 44 45 50 51 52 53 55 58 #

163 1190667.0 34 38 41 42 45 46 47 49 50 51 52 53 54 55 61 #

163 1142276.0 6 7 13 14 15 19 26 27 28 29 35 36 47 58 64 #

163 1116528.0 28 29 36 37 44 45 46 47 51 52 53 54 55 61 62 #

163 1094611.0 6 7 13 14 15 22 23 30 31 43 44 45 50 51 57 #

163 1056360.0 6 7 11 12 14 15 18 22 30 31 38 54 55 62 63 #

164 244071.0 50 51 59 #

164 238204.0 30 43 51 #

164 173640.0 42 51 59 #

165 511207.0 7 13 14 15 21 22 23 31 52 53 #

165 705264.0 6 7 8 14 15 17 23 24 25 32 #

165 700460.0 6 7 11 13 14 19 20 21 22 57 #

165 682265.0 6 7 13 14 22 32 40 41 48 56 #

165 670135.0 6 7 14 15 22 30 36 37 38 46 #

165 667185.0 11 13 14 19 20 21 27 29 60 61 #

165 619312.0 14 15 22 23 30 31 40 56 57 62 #

165 588888.0 21 28 29 30 31 35 36 37 43 44 #

166 788175.0 24 25 26 32 34 41 42 43 44 50 51 53 58 59 61 #

166 1102675.0 2 17 18 25 26 32 33 34 40 41 42 48 49 56 57 #

166 1091302.0 1 9 17 21 24 25 32 33 34 40 41 42 48 49 51 #

166 1089360.0 4 12 20 25 26 27 28 32 33 40 41 42 49 50 51 #

166 1028750.0 0 11 12 36 40 41 42 48 49 50 51 56 57 59 60 #

166 995559.0 0 1 8 17 24 25 26 32 33 34 35 40 41 42 48 #

166 977554.0 24 26 27 32 33 34 40 41 42 43 48 49 50 51 59 #

166 972283.0 18 25 26 27 33 35 36 41 42 43 44 45 47 51 52 #

167 1518208.0 0 5 6 7 8 13 14 15 20 21 23 30 31 38 39 41 42 49 50 56 57 58 #

167 2001514.0 0 1 2 3 8 9 10 11 14 15 16 17 23 24 25 26 30 31 38 48 49 50 #

167 1956650.0 3 4 10 11 12 13 16 17 18 20 21 24 25 26 27 28 29 30 31 36 37 45 #

167 1914180.0 1 14 23 26 30 31 34 38 40 41 48 49 50 51 53 54 56 57 58 61 62 65 #

167 1842365.0 1 6 7 8 12 13 14 16 20 21 26 27 28 29 30 36 37 38 45 46 53 65 #

167 1778336.0 0 1 2 3 6 8 9 10 11 12 14 15 16 17 24 25 26 27 33 34 35 47 #

167 1767296.0 3 5 6 7 11 12 13 14 15 18 19 20 21 26 27 28 29 30 36 37 38 65 #

167 1732395.0 5 6 7 13 14 15 19 20 21 26 27 28 29 30 36 37 38 40 41 46 48 49 #

168 6726263.0 26 34 33 18 19 20 15 17 32 42 29 51 14 13 7 43 23 41 21 44 9 11 12 55 6 4 30 16 40 54 36 35 8 22 65 46 27 31 1 25 24 5 53 45 28 3 47 52 50 49 48 10 63 37 62 61 0 2 39 60 57 59 38 56 58 64 #

169 2257319.0 3 4 20 23 27 28 29 30 31 35 36 37 38 43 44 45 46 47 48 49 50 52 53 54 57 58 59 60 61 62 65 #

169 2717788.0 11 16 17 18 19 20 21 24 25 26 27 32 33 34 35 36 37 38 41 42 43 44 45 46 47 48 49 50 51 56 57 #

169 2687546.0 4 11 16 17 18 19 24 25 26 27 31 32 33 34 35 36 37 40 41 42 43 44 45 47 48 49 50 51 56 57 64 #

169 2639387.0 8 16 17 18 24 25 26 32 33 34 35 36 37 38 41 43 44 45 46 47 48 51 52 53 54 57 59 61 62 63 64 #

169 2627677.0 11 13 17 18 19 20 25 26 27 32 33 34 35 37 38 42 43 44 45 46 47 48 49 50 51 54 55 56 57 61 62 #

169 2606779.0 3 4 5 6 7 8 9 10 11 12 13 14 15 16 17 18 20 24 25 26 27 33 34 35 36 42 43 44 49 50 51 #

169 2556729.0 2 3 4 5 9 10 11 12 13 16 17 18 19 20 21 23 24 25 26 27 28 32 33 34 35 36 42 46 50 53 54 #

169 2497237.0 1 2 3 4 5 6 7 11 12 13 14 18 19 20 21 23 31 35 36 37 38 44 45 46 47 53 54 55 61 62 65 #

170 395196.0 29 36 37 44 45 51 52 #

170 571717.0 38 44 45 51 52 53 54 #

170 553637.0 44 46 51 52 53 60 61 #

170 552757.0 44 45 46 52 53 54 60 #

170 461409.0 19 37 45 46 52 53 54 #

170 453699.0 5 13 21 27 29 33 37 #

170 410116.0 11 20 28 36 44 45 46 #

170 391631.0 43 44 50 51 52 58 59 #

171 512695.0 43 48 49 50 51 56 57 #

171 490990.0 35 36 42 43 44 50 51 #

171 447062.0 48 49 50 51 56 57 58 #

171 440005.0 42 48 49 50 51 56 57 #

171 428573.0 43 48 49 50 56 57 58 #

171 414888.0 37 42 44 45 50 51 57 #

171 243669.0 0 32 48 50 51 52 57 #

110 122010.0 22 29 30 #

172 1511025.0 0 1 2 3 4 5 8 9 10 11 12 13 14 16 17 18 19 20 27 28 36 #

172 1898871.0 5 11 12 13 20 36 37 44 45 46 47 48 49 50 51 52 53 54 57 61 62 #

172 1811729.0 4 5 9 11 12 13 16 17 19 20 21 27 28 29 37 38 46 47 53 54 61 #

172 1717780.0 4 5 12 13 17 18 19 20 21 27 28 29 30 35 37 46 48 52 53 56 61 #

172 1711616.0 4 5 9 10 11 12 13 14 15 17 19 20 23 25 28 30 36 42 43 44 54 #

172 1658199.0 3 4 5 7 9 10 11 12 13 14 15 16 17 18 19 20 21 25 27 28 60 #

172 1640715.0 0 1 2 4 5 8 9 12 13 20 21 22 26 27 28 30 31 38 46 61 64 #

172 1584703.0 0 1 2 3 4 8 9 10 11 12 42 44 48 49 50 51 56 57 58 59 60 #

173 380921.0 47 49 50 51 57 #

173 532416.0 30 38 45 46 47 #

173 427373.0 35 43 48 49 50 #

173 381724.0 48 49 50 56 57 #

173 359590.0 9 41 48 49 50 #

173 305675.0 37 44 45 51 61 #

174 149905.0 19 27 #

174 196528.0 27 35 #

175 101371.0 21 29 #

175 28765.0 29 30 #

176 503894.0 6 7 15 22 29 30 43 #

176 636281.0 24 30 31 32 38 46 56 #

176 524383.0 27 35 36 43 44 45 52 #

176 470881.0 3 4 5 6 7 13 14 #

176 422890.0 7 14 15 22 23 30 31 #

176 401703.0 6 7 14 15 22 23 30 #

176 374610.0 22 28 36 43 44 52 53 #

176 263905.0 1 8 11 20 21 29 37 #

177 975004.0 5 7 12 13 14 15 20 21 27 29 44 #

177 1074568.0 4 5 12 13 14 15 20 22 23 27 61 #

177 1043387.0 4 5 12 13 20 30 31 48 56 57 60 #

177 962282.0 12 13 14 20 21 22 26 27 28 29 35 #

177 958213.0 5 6 7 8 13 14 15 22 23 30 31 #

177 798564.0 13 14 15 18 21 22 23 29 31 37 46 #

177 796151.0 3 4 11 12 13 14 19 20 21 27 39 #

177 785471.0 2 3 9 11 18 26 27 28 29 30 36 #

178 1478270.0 32 40 41 42 44 46 49 50 51 52 53 54 55 58 59 60 61 62 63 65 #

178 1932458.0 17 18 19 25 26 27 34 35 40 41 42 43 49 50 51 54 55 56 57 63 #

178 1876749.0 5 11 12 13 18 20 26 27 38 45 46 52 53 54 55 60 61 62 63 65 #

178 1820778.0 18 26 33 34 38 43 45 46 49 50 51 52 53 54 55 56 57 61 62 63 #

178 1793254.0 3 11 12 16 17 18 19 20 24 25 26 27 28 31 34 36 41 44 51 65 #

178 1765583.0 5 11 12 13 20 40 41 42 45 48 49 50 51 54 55 56 57 58 62 63 #

178 1745032.0 18 24 25 26 27 42 43 44 45 46 47 50 51 52 53 54 58 60 61 62 #

178 1636416.0 1 2 3 8 9 10 11 12 17 18 20 37 43 45 53 54 55 61 62 63 #

179 530006.0 34 41 42 44 45 46 50 51 52 57 59 #

179 794497.0 28 35 36 40 41 48 49 50 56 57 58 #

179 695565.0 29 37 44 45 46 51 52 53 54 61 62 #

179 667254.0 29 36 37 44 45 51 52 53 54 59 61 #

179 634515.0 18 26 27 33 34 40 41 42 49 50 64 #

179 611622.0 13 16 20 28 29 36 44 45 46 52 60 #

179 583161.0 13 19 20 26 27 32 33 34 40 41 42 #

179 554014.0 39 42 44 45 51 52 53 58 59 60 61 #

180 88271.0 31 #

181 1031690.0 2 8 9 10 46 51 52 53 54 59 64 #

181 950021.0 1 2 3 4 8 9 10 11 18 25 26 #

181 947204.0 0 1 2 3 4 8 9 10 17 36 61 #

181 918765.0 24 25 32 33 34 40 41 42 43 51 52 #

181 913714.0 2 10 18 45 46 47 53 54 55 61 62 #

181 906311.0 42 46 50 51 52 53 54 55 58 59 62 #

181 865196.0 38 45 46 53 54 55 56 60 61 62 63 #

181 857167.0 3 16 24 50 51 52 53 59 60 61 62 #

182 310296.0 32 41 42 50 51 #

182 386269.0 41 42 50 51 58 #

182 385097.0 26 33 42 50 58 #

182 373446.0 18 24 25 26 32 #

182 226045.0 16 24 32 40 41 #

183 524341.0 15 22 30 37 38 46 54 #

183 551426.0 45 53 54 55 61 62 63 #

183 539858.0 22 23 30 31 38 43 50 #

183 514700.0 7 15 22 23 30 31 39 #

183 480300.0 6 7 14 15 22 23 30 #

183 450599.0 45 46 47 53 54 61 62 #

183 437351.0 22 30 31 37 38 39 46 #

183 401883.0 36 37 38 43 44 45 51 #

184 648152.0 32 33 41 46 47 48 49 54 #

184 583406.0 37 38 45 46 47 53 54 62 #

184 559762.0 22 29 30 37 38 45 46 47 #

184 558391.0 32 33 34 35 41 46 47 49 #

184 538907.0 18 26 32 33 36 40 41 49 #

184 532441.0 29 30 31 37 38 46 47 53 #

184 524110.0 32 40 41 48 49 50 58 61 #

184 495520.0 40 41 48 49 50 56 57 58 #

185 1022875.0 5 11 12 13 14 15 18 19 20 25 27 35 39 55 62 63 #

185 1322542.0 9 10 17 27 28 29 34 35 36 37 38 42 43 45 46 51 #

185 1302252.0 0 1 8 9 10 11 16 17 18 24 25 26 30 32 33 34 #

185 1267358.0 1 3 4 5 9 10 11 12 17 18 19 20 26 45 53 61 #

185 1230954.0 3 4 11 12 16 17 18 19 20 21 24 25 27 28 29 36 #

185 1225831.0 3 4 5 8 10 11 12 13 17 18 19 20 21 25 27 31 #

185 1222777.0 3 16 17 18 19 27 28 35 36 37 42 43 44 45 51 59 #

185 1115862.0 0 1 7 8 11 16 17 18 19 20 24 25 26 32 34 41 #

186 412458.0 5 13 18 19 20 21 #

186 549703.0 12 20 21 27 28 29 #

186 504049.0 3 11 18 49 60 61 #

186 446702.0 3 5 7 18 25 26 #

186 421416.0 3 5 11 13 20 21 #

186 404550.0 11 20 21 29 30 62 #

186 389724.0 10 11 12 18 19 26 #

187 1257821.0 16 17 24 25 26 32 33 45 46 51 52 53 59 60 61 64 #

187 1440516.0 0 1 3 8 9 10 11 16 17 18 21 25 29 46 54 65 #

187 1365605.0 0 1 2 3 8 9 10 13 16 17 18 19 20 21 25 31 #

187 1303233.0 0 1 3 8 9 10 16 17 18 24 25 26 32 34 46 47 #

187 1293692.0 1 3 4 8 11 12 15 16 17 24 25 29 30 31 32 38 #

187 1249278.0 11 12 13 16 17 18 19 20 24 25 26 27 32 33 34 64 #

187 1197977.0 0 1 11 16 17 18 19 24 25 26 32 33 34 41 49 57 #

187 1193416.0 0 1 2 10 37 38 43 44 45 46 53 54 55 61 62 63 #

188 708870.0 1 2 3 9 10 21 #

188 611222.0 0 1 8 9 17 50 #

188 606886.0 0 1 2 4 8 9 #

188 570437.0 1 2 3 4 10 11 #

188 503436.0 8 9 10 16 17 25 #

188 434178.0 10 11 13 20 21 27 #

188 379926.0 3 11 19 37 38 46 #

189 1989638.0 3 4 5 6 7 11 12 13 14 17 18 19 20 21 24 25 26 27 33 35 51 59 #

189 2105896.0 10 11 12 13 14 17 18 19 20 21 25 26 27 28 29 30 33 34 38 42 46 54 #

189 2065055.0 3 4 5 6 7 10 11 12 13 14 15 18 19 20 21 26 27 28 29 32 33 64 #

189 1967490.0 2 9 10 11 13 17 18 19 20 21 25 26 27 28 29 32 33 34 35 41 42 63 #

189 1957978.0 2 6 7 8 9 10 13 14 18 21 26 27 28 33 35 38 42 43 44 45 51 52 #

189 1944177.0 11 16 17 18 19 20 21 26 27 28 29 32 33 39 40 41 42 46 47 49 54 62 #

189 1926386.0 1 2 3 4 5 7 9 10 11 12 13 14 16 17 18 19 20 24 25 26 27 28 #

189 1924512.0 2 7 8 9 10 11 12 13 14 15 17 18 19 20 22 25 26 27 33 35 62 63 #

190 597371.0 45 46 47 52 53 54 55 61 62 #

190 807096.0 8 37 38 43 46 47 54 55 64 #

190 756984.0 37 38 45 46 47 54 55 61 62 #

190 696903.0 21 29 36 37 38 46 54 55 62 #

190 666339.0 4 5 21 36 37 38 44 45 46 #

190 623752.0 23 31 38 45 46 53 54 55 63 #

190 617371.0 2 3 4 10 11 12 20 21 62 #

190 586871.0 24 29 30 38 39 51 52 60 61 #

191 334471.0 9 14 16 17 24 #

191 450375.0 0 1 8 9 10 #

191 390358.0 8 9 17 24 25 #

191 371568.0 1 9 16 17 24 #

191 295318.0 13 14 15 30 31 #

192 229269.0 40 48 56 57 #

192 309380.0 4 15 48 56 #

192 292472.0 40 48 49 50 #

192 128751.0 2 9 10 57 #

193 1531249.0 11 13 16 19 20 21 24 25 27 28 29 30 31 32 36 37 40 50 58 59 60 61 #

193 1775065.0 2 3 11 18 19 20 21 28 29 36 42 43 44 50 51 52 53 54 58 59 60 61 #

193 1620600.0 32 36 37 40 41 42 43 44 45 46 50 51 52 53 54 55 57 58 59 60 61 62 #

193 1617197.0 3 11 12 14 15 19 20 21 22 27 28 29 30 31 35 36 40 42 43 44 51 52 #

193 1616670.0 5 11 13 18 19 20 21 24 26 29 30 36 37 46 51 53 54 59 60 61 62 63 #

193 1613960.0 2 3 10 11 19 20 21 26 27 28 29 33 35 36 37 42 43 44 50 51 59 60 #

193 1589498.0 4 8 13 14 15 22 23 28 29 36 37 42 43 44 45 46 50 51 53 54 61 62 #

193 1572597.0 11 13 19 20 21 27 28 29 30 33 36 37 40 41 42 44 49 50 51 58 59 60 #

194 864466.0 30 35 36 37 38 44 45 46 47 52 #

194 865087.0 36 37 43 44 45 46 53 54 61 62 #

194 796360.0 22 29 30 31 37 38 45 46 53 64 #

194 714344.0 36 44 45 46 51 52 53 59 60 61 #

194 704963.0 14 15 19 22 30 31 38 48 57 58 #

194 699256.0 34 37 38 42 45 46 47 53 54 55 #

194 678910.0 22 29 30 37 42 43 44 45 46 51 #

194 670433.0 2 3 18 19 26 27 32 35 41 62 #

195 951046.0 10 17 25 26 34 38 46 51 54 #

195 931889.0 38 45 46 47 51 52 53 54 55 #

195 869566.0 22 30 38 44 45 46 51 53 54 #

195 843133.0 32 33 38 45 46 47 53 54 61 #

195 697285.0 8 9 10 11 16 17 18 19 25 #

195 694526.0 17 25 26 33 34 40 41 50 64 #

195 659453.0 2 9 10 11 17 18 19 26 34 #

195 636234.0 48 49 50 51 52 53 57 58 60 #

196 1575994.0 3 4 5 11 12 13 20 21 28 36 42 44 51 52 53 58 60 61 62 #

196 1691826.0 12 17 18 19 25 26 27 35 43 44 45 46 51 52 53 54 60 61 62 #

196 1681718.0 3 4 5 7 9 10 12 13 14 15 18 19 20 21 23 27 33 48 64 #

196 1663045.0 3 4 5 9 10 11 12 13 18 19 20 21 27 28 35 40 42 51 59 #

196 1635269.0 1 2 3 4 5 8 9 10 11 12 18 19 20 21 23 26 27 28 36 #

196 1617903.0 0 3 4 7 8 9 10 11 12 13 14 18 19 20 21 26 27 28 31 #

196 1613250.0 3 4 5 6 7 10 11 12 13 14 15 18 19 20 21 25 26 27 59 #

196 1603237.0 0 1 4 5 6 11 12 17 18 19 20 25 26 27 32 33 34 41 50 #

197 1060874.0 6 9 11 14 15 16 17 18 22 23 26 30 31 33 39 #

197 1282235.0 13 21 22 23 30 31 38 39 44 45 46 53 54 55 61 #

197 1199698.0 7 9 14 15 16 17 22 23 25 26 27 29 30 38 46 #

197 1192016.0 13 18 19 20 22 23 27 30 31 35 37 38 39 43 45 #

197 1150826.0 3 10 11 12 13 17 18 19 20 21 25 26 27 34 63 #

197 1150747.0 2 9 10 16 17 18 19 20 21 24 25 26 27 28 35 #

197 1127198.0 3 4 6 7 9 10 11 14 15 22 23 31 43 44 64 #

197 1091479.0 1 2 3 4 8 9 10 16 17 24 32 42 43 44 51 #

198 1798212.0 0 1 8 16 17 18 24 25 26 32 33 38 39 40 41 42 48 49 50 51 55 56 57 59 63 #

198 2145763.0 3 4 10 11 12 18 19 20 27 28 33 36 40 41 42 44 48 49 50 51 52 56 57 58 59 #

198 2085505.0 3 10 11 12 17 18 19 20 24 25 32 33 34 40 41 42 48 49 50 51 52 56 57 58 60 #

198 2033786.0 2 3 4 5 10 11 12 13 19 20 21 32 33 34 35 41 42 43 44 45 50 51 52 58 59 #

198 2011157.0 2 3 6 14 23 32 33 38 40 42 43 44 45 46 48 49 50 51 52 53 56 57 58 59 60 #

198 1978179.0 13 14 18 24 25 26 32 33 34 40 41 42 43 44 48 49 50 51 52 56 57 58 59 60 61 #

198 1971280.0 35 36 37 40 41 42 43 44 45 46 47 48 49 50 51 52 53 54 55 56 57 58 59 60 61 #

198 1970120.0 4 5 27 28 29 34 35 36 37 41 42 43 44 45 46 49 50 51 52 53 54 56 57 58 61 #

199 1046498.0 30 35 36 37 38 44 45 46 47 52 53 54 #

199 1244942.0 5 9 10 17 30 38 46 54 55 62 63 64 #

199 1128055.0 6 14 15 30 36 37 38 44 45 46 47 52 #

199 1031130.0 1 3 8 10 16 17 30 37 38 45 47 61 #

199 1015990.0 9 17 19 20 27 28 29 30 35 36 42 43 #

199 991207.0 36 37 44 45 46 47 53 54 55 61 62 63 #

199 989162.0 9 16 17 18 22 25 26 30 31 37 39 65 #

199 924240.0 29 35 36 37 38 42 43 44 45 46 47 52 #

200 2199493.0 0 1 2 3 4 8 9 10 11 13 14 15 17 34 43 45 50 51 52 53 55 58 59 60 61 62 63 64 #

200 2367781.0 0 1 2 3 7 8 9 10 11 12 15 16 17 21 22 23 24 25 30 31 38 39 40 41 54 58 62 63 #

200 2310615.0 0 1 8 9 18 19 20 26 27 33 35 37 38 40 42 43 44 45 49 51 52 53 54 59 60 61 62 63 #

200 2299912.0 0 1 2 3 8 9 10 11 16 17 18 19 21 25 26 27 28 36 44 50 51 52 53 54 55 59 60 61 #

200 2252570.0 0 1 2 3 8 9 10 11 14 15 16 17 18 19 20 21 22 23 27 30 31 36 38 39 41 47 49 50 #

200 2233924.0 0 1 8 9 10 11 12 19 20 25 26 27 32 33 37 40 41 42 43 45 48 49 50 51 52 53 56 58 #

200 2219307.0 0 1 6 7 13 14 15 22 23 29 30 31 37 38 40 41 45 46 48 49 52 53 54 55 60 61 62 63 #

200 2126812.0 0 1 2 3 4 5 6 8 9 10 11 12 13 14 15 16 17 18 19 20 25 26 27 28 33 34 41 42 #

201 2434928.0 0 3 4 6 9 10 11 13 14 15 19 21 22 27 28 29 36 37 40 41 44 45 49 50 51 53 #

201 2468436.0 1 2 7 10 11 12 13 15 17 18 19 20 21 27 28 29 32 33 34 36 44 45 51 52 53 54 #

201 2429090.0 4 5 6 7 9 11 12 13 14 15 17 18 19 20 22 23 25 26 27 28 29 34 35 60 61 65 #

201 2421455.0 2 10 11 12 18 19 25 26 28 29 35 36 37 38 41 43 44 45 46 51 53 54 58 60 61 62 #

201 2377038.0 9 10 11 12 13 18 19 20 26 27 33 34 36 40 41 42 43 44 45 48 49 50 51 52 57 60 #

201 2376473.0 1 2 3 4 8 9 10 11 12 13 16 17 18 19 20 21 24 25 26 27 28 29 32 35 36 41 #

201 2353619.0 6 8 9 11 12 16 17 18 22 26 32 33 34 40 41 42 43 48 50 51 55 58 59 61 63 65 #

201 2346851.0 0 2 3 4 5 8 9 10 11 12 13 17 19 20 24 25 26 28 33 34 40 41 49 50 61 62 #

202 67360.0 7 #

203 45551.0 22 #

204 2667264.0 0 1 2 3 4 8 9 12 16 17 20 22 24 25 26 27 28 32 33 34 40 41 42 43 44 49 50 51 52 53 54 56 57 #

204 2895555.0 0 6 7 8 9 13 14 15 16 20 21 23 27 32 33 34 35 36 40 41 42 43 44 45 49 50 51 52 53 56 57 61 64 #

204 2861698.0 0 1 2 4 6 8 9 10 11 12 13 14 15 16 17 19 21 25 30 31 33 34 39 40 41 42 43 48 49 50 56 57 58 #

204 2796881.0 0 1 2 3 4 5 6 7 8 9 10 11 12 13 14 15 17 18 19 20 21 22 23 26 27 31 34 40 41 42 49 63 64 #

204 2781058.0 0 1 2 3 4 8 9 10 12 21 32 33 34 35 37 40 41 42 43 44 45 48 49 50 51 52 53 54 56 57 59 60 61 #

204 2773737.0 1 2 3 4 5 6 7 11 12 13 14 15 19 20 22 27 29 30 35 36 37 38 43 44 45 51 52 53 54 59 60 61 62 #

204 2766547.0 0 1 2 3 4 8 9 17 18 20 24 28 30 31 35 36 37 38 41 43 44 45 50 51 52 53 54 57 58 59 60 61 65 #

204 2757171.0 0 6 7 8 9 14 15 16 17 24 30 31 32 33 34 39 40 41 42 44 48 49 50 51 52 53 54 56 57 58 59 60 63 #

205 707906.0 22 30 38 45 46 47 53 #

205 740132.0 40 45 46 47 48 54 56 #

205 678108.0 23 31 45 46 52 53 58 #

205 579709.0 22 30 38 46 47 54 62 #

205 568649.0 28 29 30 31 38 39 61 #

205 568452.0 19 45 52 53 54 60 61 #

205 500551.0 13 14 22 30 31 37 38 #

205 472449.0 16 22 27 28 29 30 38 #

206 1718752.0 1 2 5 8 9 10 13 16 17 18 21 24 25 26 27 32 36 40 #

206 1688521.0 0 1 2 3 4 5 8 9 10 16 17 18 25 26 37 46 54 59 #

206 1576035.0 0 3 4 8 9 11 12 13 16 17 18 19 20 21 24 27 28 36 #

206 1542651.0 0 1 2 8 9 11 12 13 16 17 18 19 20 24 25 27 28 32 #

206 1536774.0 0 1 2 3 4 8 9 10 16 17 26 32 33 34 41 48 56 57 #

206 1521202.0 0 1 2 3 8 9 16 17 18 24 25 26 32 33 34 40 42 43 #

206 1515426.0 2 3 4 8 9 10 11 12 16 17 18 19 25 26 27 28 34 55 #

206 1507866.0 0 1 2 8 9 16 17 18 23 24 25 26 33 34 40 41 42 49 #

207 3562118.0 1 2 10 11 12 18 20 23 25 26 27 28 31 32 33 34 35 36 40 41 42 43 44 46 48 49 50 51 52 53 54 55 56 57 58 59 60 61 62 #

207 3936443.0 3 14 21 26 27 28 29 30 31 32 33 34 35 36 37 38 40 41 42 43 44 45 46 47 48 49 50 51 52 53 54 56 57 58 59 60 61 62 63 #

207 3892898.0 0 1 2 3 4 5 9 10 12 17 18 25 26 30 31 32 33 34 36 37 40 41 42 44 46 47 48 49 50 51 52 53 54 58 59 60 61 62 63 #

207 3855325.0 0 1 2 3 4 5 6 8 9 10 11 12 13 14 15 16 17 19 20 24 25 26 32 33 36 40 41 43 45 48 49 50 51 52 53 54 56 57 61 #

207 3849595.0 1 2 6 7 8 12 13 14 15 20 25 26 27 28 32 33 34 35 36 37 40 41 42 43 44 45 48 49 50 51 52 53 54 56 57 58 59 60 61 #

207 3824417.0 3 4 5 11 17 20 24 25 26 27 28 30 31 32 33 34 35 36 40 41 42 43 44 45 46 48 49 50 51 54 55 56 57 58 59 60 61 62 63 #

207 3798556.0 2 3 4 5 6 7 9 10 11 12 13 14 16 17 19 20 21 25 26 27 28 32 33 34 35 36 41 42 43 48 49 50 54 56 57 61 62 63 65 #

207 3749003.0 6 7 11 12 13 14 15 17 18 19 20 21 24 26 27 28 29 32 33 34 35 36 37 40 41 42 43 44 45 47 48 49 50 51 53 54 56 57 61 #

208 121988.0 7 13 #

208 148025.0 7 15 #

208 128358.0 13 14 #

209 510907.0 4 5 12 30 37 38 46 47 #

209 601550.0 0 1 8 45 46 53 54 61 #

209 584973.0 3 4 5 21 28 29 30 38 #

209 541137.0 1 2 3 4 9 10 11 20 #

209 531597.0 30 38 46 47 53 54 55 61 #

209 512540.0 28 29 30 31 35 36 43 63 #

209 476542.0 30 38 44 45 46 47 53 54 #

209 463075.0 3 4 5 10 11 20 29 37 #

210 307588.0 19 32 40 41 #

210 352226.0 32 40 41 49 #

210 322024.0 3 11 19 27 #

210 293490.0 24 32 40 41 #

210 244013.0 33 41 50 57 #

211 348819.0 0 1 9 #

211 329448.0 1 2 9 #

211 306817.0 1 8 9 #

211 306220.0 0 1 8 #

212 2956500.0 6 7 14 15 22 23 24 30 31 32 33 34 35 37 38 41 42 43 44 45 46 47 48 49 50 51 52 53 54 55 56 57 58 59 60 61 62 63 #

212 3581016.0 2 3 4 5 7 9 10 11 12 13 17 18 20 21 25 26 27 28 29 30 32 33 34 35 40 41 42 43 44 48 50 51 52 56 57 58 59 60 #

212 3555584.0 2 3 4 5 9 10 11 12 13 18 19 20 21 22 23 27 28 29 30 31 35 37 38 43 44 45 46 47 51 52 53 54 58 59 60 61 62 63 #

212 3521815.0 3 4 5 13 18 19 20 21 22 26 27 28 29 30 31 32 33 34 35 36 40 41 42 43 44 45 48 49 50 51 52 57 58 59 60 61 62 63 #

212 3439246.0 3 4 5 10 11 12 18 19 20 21 24 25 26 27 28 29 32 33 34 35 40 41 42 43 44 48 49 50 51 52 54 56 57 58 59 60 61 62 #

212 3410017.0 4 5 6 11 13 18 19 20 21 23 24 25 26 27 28 30 31 32 33 34 39 40 42 43 44 45 46 47 49 50 51 52 58 59 60 61 62 63 #

212 3358331.0 2 3 10 11 19 20 21 22 27 28 29 30 31 32 33 34 35 36 38 40 41 42 43 44 45 46 47 49 50 51 52 53 54 57 59 60 61 62 #

212 3355474.0 1 2 3 4 9 10 11 18 19 20 21 22 23 26 27 28 29 30 31 32 33 34 36 37 38 39 41 42 46 47 49 51 53 54 59 60 61 62 #

213 279785.0 27 32 33 34 35 #

213 380657.0 13 20 27 35 43 #

213 317883.0 7 13 14 20 27 #

213 306747.0 26 27 33 34 42 #

213 176715.0 32 33 34 40 41 #

213 140126.0 2 9 33 34 42 #

214 155944.0 6 14 15 22 23 #

214 205934.0 6 7 14 15 23 #

215 893820.0 5 11 18 26 33 34 40 41 42 46 49 64 #

215 1203972.0 26 27 32 33 35 36 41 43 49 50 51 54 #

215 1110443.0 9 10 11 17 18 19 26 27 36 46 47 54 #

215 905760.0 5 13 18 21 26 33 34 40 41 42 48 50 #

215 875732.0 26 27 32 33 34 41 42 43 50 51 52 59 #

215 868624.0 4 11 12 17 18 25 26 27 32 33 34 62 #

215 832129.0 1 3 11 12 17 18 19 20 24 25 27 40 #

215 777880.0 0 4 5 12 13 17 19 20 21 27 28 48 #

216 101058.0 14 15 22 42 #

216 97384.0 41 42 49 50 #

217 144768.0 20 21 64 #

217 170606.0 13 21 44 #

218 205257.0 42 51 59 #

218 299526.0 43 50 51 #

218 243661.0 33 42 43 #

218 99623.0 59 60 61 #

219 267722.0 36 43 44 51 52 #

219 372693.0 19 20 27 28 36 #

219 341213.0 43 50 51 52 60 #

219 269573.0 28 36 44 51 52 #

219 252466.0 11 20 44 51 58 #

220 2468113.0 0 1 2 3 4 5 6 8 9 10 11 12 13 14 15 16 17 18 19 20 22 27 28 30 35 36 38 43 51 #

220 2859084.0 3 4 5 6 7 10 13 14 15 22 29 30 31 36 37 38 43 44 45 46 47 50 51 52 53 54 58 60 61 #

220 2836138.0 2 3 4 5 10 11 12 13 18 19 20 21 27 28 29 30 31 35 36 37 38 39 43 45 46 51 52 53 61 #

220 2773569.0 4 5 7 10 11 12 14 15 20 21 22 28 29 30 31 37 38 44 45 46 47 50 51 52 53 54 61 62 64 #

220 2754464.0 0 1 2 3 4 8 9 10 11 14 15 16 20 21 24 28 29 30 31 35 36 37 38 43 45 46 47 51 65 #

220 2718500.0 2 3 4 5 9 10 11 12 13 19 20 21 28 29 34 35 36 37 38 40 43 45 46 47 51 52 53 54 59 #

220 2706301.0 1 2 3 4 5 8 9 10 11 19 28 35 36 40 41 43 44 46 47 50 51 52 53 54 55 60 61 62 63 #

220 2683641.0 2 3 4 5 6 7 9 10 11 12 13 14 15 20 21 22 23 28 29 30 31 33 38 45 46 47 53 54 55 #

221 1649090.0 0 1 8 11 18 19 20 25 26 27 32 34 35 36 40 41 42 43 48 49 50 51 56 57 58 #

221 2097459.0 3 4 20 27 28 29 36 37 38 40 41 42 43 44 45 47 48 49 50 51 52 53 57 58 60 #

221 2045620.0 2 3 4 5 10 11 12 13 20 21 27 28 29 36 37 40 43 44 45 49 50 51 52 59 60 #

221 2038309.0 1 8 10 20 21 24 27 28 32 35 36 37 40 41 43 44 45 48 49 50 51 52 53 57 63 #

221 2013797.0 0 1 2 8 9 16 17 19 20 26 27 28 29 30 36 37 38 44 45 48 49 50 51 52 60 #

221 1960867.0 11 18 19 20 21 25 26 27 29 34 36 37 38 40 41 42 45 48 49 50 51 52 53 56 57 #

221 1958487.0 4 9 17 18 19 25 26 27 28 32 33 34 40 41 43 44 48 49 51 52 53 56 57 58 61 #

221 1903797.0 3 4 11 12 13 14 15 17 18 19 20 21 26 27 28 29 30 34 40 48 49 54 56 58 62 #

222 393074.0 6 13 14 22 30 35 36 #

222 443534.0 6 7 13 14 15 28 36 #

222 385738.0 10 11 13 14 20 21 27 #

222 340162.0 7 14 15 22 29 30 38 #

222 288996.0 6 7 13 14 15 22 60 #

222 255287.0 29 30 37 44 45 53 54 #

223 1121951.0 2 3 4 9 11 12 17 18 20 27 28 47 #

223 1171738.0 1 2 3 8 9 10 11 16 17 18 19 46 #

223 1068038.0 2 3 8 9 11 12 13 17 18 19 20 26 #

223 1030180.0 10 11 19 20 27 36 37 38 46 47 53 61 #

223 1009662.0 3 10 11 18 36 37 38 44 55 61 62 63 #

223 1006739.0 8 9 10 11 12 17 19 20 21 28 29 30 #

223 985177.0 1 2 3 4 5 8 11 12 13 18 19 20 #

223 962308.0 11 12 17 18 19 20 27 28 29 30 35 36 #

224 1377771.0 1 2 8 9 16 32 36 37 38 40 45 46 52 53 54 61 62 #

224 1401547.0 29 30 31 36 37 38 44 45 46 51 52 53 54 55 60 61 62 #

224 1398870.0 35 36 37 38 44 45 46 47 51 52 53 54 56 57 59 60 61 #

224 1395843.0 18 19 26 29 30 31 34 35 36 37 38 43 44 45 46 47 62 #

224 1356510.0 0 1 2 3 6 8 9 10 11 13 14 17 21 30 31 39 55 #

224 1333162.0 25 26 27 34 35 41 42 43 46 47 50 53 54 55 62 63 64 #

224 1328821.0 25 26 27 32 33 34 35 40 41 42 46 48 49 53 54 56 57 #

224 1310790.0 1 4 5 8 9 12 13 14 17 20 21 26 27 29 33 34 42 #

225 779461.0 18 24 25 26 27 32 33 34 40 41 49 #

225 822027.0 25 26 27 28 32 33 34 43 44 45 51 #

225 796279.0 10 11 18 19 20 27 28 32 33 35 36 #

225 753939.0 1 8 22 30 34 40 41 49 50 56 57 #

225 718456.0 23 29 30 31 39 40 48 49 50 56 57 #

225 715261.0 32 33 34 40 41 42 48 49 50 56 57 #

225 635624.0 4 11 26 27 32 33 34 40 41 42 50 #

225 613710.0 20 26 27 32 33 34 41 42 49 50 57 #

226 160536.0 40 48 #

226 111785.0 32 40 #

226 98681.0 48 56 #


