6.5

334

1978

400

0 283932.0 12 28 29 48 50 66 67 #

0 397844.0 11 14 29 31 35 52 69 #

0 310354.0 47 48 49 66 295 312 313 #

0 269475.0 1 46 47 66 84 97 115 #

0 262471.0 33 51 67 68 85 109 274 #

0 248318.0 28 47 48 66 67 68 182 #

1 587651.0 14 15 16 17 33 34 35 52 53 95 #

1 667362.0 59 76 77 78 79 94 95 96 112 131 #

1 633795.0 12 13 14 15 16 17 30 31 34 53 #

1 615752.0 11 12 14 15 16 31 32 33 34 52 #

1 598803.0 15 16 17 34 35 52 53 70 87 329 #

1 590355.0 14 15 16 18 31 32 33 165 184 203 #

1 578507.0 25 35 44 52 53 94 119 120 126 242 #

1 574266.0 14 15 16 17 30 31 32 34 52 53 #

1 542909.0 14 32 33 49 50 125 143 199 218 236 #

1 521307.0 17 35 151 210 226 227 228 229 243 244 #

2 921760.0 147 148 163 165 166 181 182 183 184 200 201 203 204 217 331 #

2 1069659.0 10 11 12 83 153 154 171 182 183 200 220 222 223 239 240 #

2 1057788.0 85 102 148 149 150 165 166 180 182 183 184 198 199 200 201 #

2 1005313.0 70 146 164 165 166 167 183 184 185 200 201 203 204 220 238 #

2 939426.0 11 29 30 46 47 48 49 63 64 65 160 201 262 280 281 #

2 925306.0 17 21 22 23 26 38 39 91 108 127 145 146 162 163 182 #

2 916799.0 130 147 148 149 166 168 185 186 204 205 223 224 230 241 260 #

2 910916.0 147 164 165 181 182 183 184 185 186 200 201 203 220 224 318 #

2 896155.0 62 146 180 181 183 198 200 217 235 252 253 267 269 271 286 #

2 894145.0 147 148 164 165 166 182 184 185 235 252 253 270 271 272 288 #

3 632869.0 55 73 74 177 194 204 211 212 288 289 #

3 709470.0 83 177 178 192 193 194 211 212 213 262 #

3 666661.0 203 204 220 221 222 238 239 258 260 277 #

3 661973.0 43 72 73 74 90 91 92 108 109 186 #

3 655765.0 39 192 193 194 195 197 211 212 213 229 #

3 621884.0 14 33 114 132 133 138 139 157 176 194 #

3 618139.0 54 55 56 57 73 74 91 92 93 108 #

3 579590.0 174 192 193 208 212 246 265 280 283 318 #

3 557658.0 133 153 172 185 190 191 192 233 288 306 #

3 471838.0 19 20 24 41 54 55 73 91 92 270 #

4 64279.0 88 #

5 70194.0 88 89 #

6 216066.0 272 273 320 321 #

6 271700.0 272 273 274 291 #

6 209372.0 303 304 321 322 #

6 195220.0 225 302 320 321 #

6 190503.0 230 253 254 272 #

7 330176.0 110 127 301 318 319 #

7 373793.0 293 302 318 319 320 #

7 346722.0 108 127 145 146 164 #

7 296674.0 282 300 301 318 319 #

7 270699.0 281 282 300 301 318 #

7 187106.0 96 109 110 113 115 #

8 1130379.0 13 14 19 31 32 33 48 50 57 65 184 198 202 203 204 216 220 221 237 #

8 1278026.0 5 12 13 14 29 30 31 47 48 49 50 65 66 83 91 102 203 226 327 #

8 1248261.0 176 194 195 202 203 204 210 212 213 220 221 222 229 236 237 241 246 254 255 #

8 1244291.0 27 28 149 150 166 168 183 185 191 200 202 203 209 220 221 222 239 257 275 #

8 1230292.0 22 33 34 41 42 49 50 51 52 66 68 69 70 87 281 282 299 300 301 #

8 1212989.0 12 13 14 15 16 30 31 32 33 34 35 51 52 53 68 69 70 300 326 #

8 1197724.0 37 55 91 110 167 179 185 186 187 197 202 203 204 205 220 221 222 238 239 #

8 1170396.0 14 15 28 29 30 31 33 46 48 49 50 64 65 67 68 109 151 152 170 #

8 1158976.0 25 26 40 42 128 146 147 148 163 165 166 182 184 185 202 203 204 220 221 #

8 1155278.0 13 30 31 48 49 66 67 131 150 153 220 221 222 231 236 237 239 257 258 #

9 534291.0 55 73 90 91 92 109 110 128 147 165 183 #

9 764405.0 3 127 144 145 146 164 165 251 269 286 305 #

9 714021.0 91 108 109 110 126 127 144 145 164 287 304 #

9 680080.0 14 111 113 130 146 147 148 164 165 182 200 #

9 643355.0 75 92 93 94 99 112 113 137 201 219 220 #

9 635360.0 12 29 31 46 47 49 50 62 80 110 181 #

9 600461.0 56 75 90 92 93 108 109 110 111 126 129 #

9 600309.0 72 90 91 108 109 110 111 126 127 129 270 #

9 587596.0 19 165 181 183 184 185 200 201 202 217 327 #

9 586756.0 36 37 54 55 72 73 74 91 92 108 109 #

10 80699.0 325 #

11 82712.0 43 61 #

11 92589.0 61 78 #

12 80576.0 68 69 #

13 101535.0 49 #

14 239392.0 212 230 247 272 #

14 291190.0 196 211 212 213 #

14 279854.0 254 272 288 289 #

14 225765.0 247 248 265 270 #

14 87206.0 230 231 232 249 #

15 421544.0 51 114 131 132 133 145 150 151 #

15 503859.0 86 105 113 122 131 132 150 151 #

15 497201.0 127 145 146 162 176 177 196 317 #

15 496610.0 132 150 151 166 167 168 185 266 #

15 477007.0 114 130 131 133 150 168 238 257 #

15 451834.0 114 133 134 151 173 174 193 194 #

15 374599.0 5 73 90 97 114 133 134 327 #

15 344816.0 16 17 33 34 35 51 52 123 #

15 314214.0 80 96 97 114 115 133 214 293 #

16 103013.0 108 126 #

16 60378.0 109 126 #

16 55216.0 108 109 #

17 273711.0 18 36 37 103 120 #

17 294455.0 1 19 36 37 55 #

17 276511.0 36 45 259 293 311 #

17 228412.0 102 119 120 121 207 #

17 216890.0 67 86 103 122 290 #

17 192076.0 0 18 19 37 38 #

18 821405.0 23 24 25 28 29 41 46 58 63 65 79 82 100 157 247 #

18 981800.0 8 9 12 27 28 29 30 31 43 44 46 47 276 293 318 #

18 957146.0 5 6 21 22 24 38 39 40 41 56 104 121 139 140 158 #

18 945302.0 58 73 76 78 90 91 92 95 108 109 126 127 145 215 232 #

18 937195.0 75 82 94 100 101 112 113 116 117 119 131 135 137 138 153 #

18 918519.0 26 27 28 45 46 64 65 83 164 165 166 181 182 295 313 #

18 880756.0 34 46 47 48 52 53 64 65 70 71 84 88 127 144 268 #

18 847777.0 4 5 22 23 24 39 42 57 60 61 76 79 231 232 288 #

18 827484.0 10 11 12 28 29 30 47 48 49 54 66 67 72 300 315 #

18 792777.0 41 42 56 59 62 73 74 75 92 93 94 111 271 285 289 #

19 194357.0 231 232 250 267 #

19 273739.0 194 212 213 231 #

19 235532.0 213 214 215 232 #

19 125017.0 248 249 267 320 #

19 107556.0 209 250 251 267 #

20 281839.0 9 10 27 62 63 #

20 333957.0 9 27 28 45 64 #

20 255301.0 9 10 12 29 31 #

20 246848.0 44 62 63 82 100 #

20 222419.0 9 28 154 172 190 #

20 140952.0 46 63 82 101 120 #

21 248702.0 68 171 173 190 #

21 258917.0 171 173 189 190 #

21 243977.0 155 156 173 191 #

21 237438.0 50 67 68 187 #

21 175274.0 53 71 189 190 #

22 157823.0 123 142 #

22 106424.0 141 142 #

23 363707.0 265 281 282 283 284 298 #

23 402079.0 265 266 282 283 284 324 #

23 393853.0 260 279 296 297 298 315 #

23 349798.0 24 263 264 281 299 316 #

23 345018.0 125 142 159 160 282 283 #

23 323466.0 244 261 264 279 283 284 #

23 299029.0 248 265 266 267 283 284 #

24 57113.0 328 #

25 145762.0 111 112 113 #

25 217782.0 95 112 113 #

25 202272.0 95 113 114 #

25 86150.0 111 130 137 #

26 39754.0 197 #

27 74394.0 123 #

28 138152.0 221 222 238 #

28 171669.0 201 220 238 #

28 166983.0 204 221 238 #

29 251543.0 149 166 167 #

29 209232.0 166 184 291 #

29 188750.0 149 167 186 #

29 173373.0 149 168 185 #

30 101149.0 180 #

31 377399.0 21 39 57 58 59 74 75 92 #

31 491261.0 24 41 42 47 59 64 82 99 #

31 488761.0 13 73 92 272 273 289 290 291 #

31 478006.0 22 23 40 41 42 57 58 59 #

31 439811.0 55 72 73 74 75 93 209 279 #

31 428212.0 18 20 21 37 39 56 92 329 #

31 393447.0 0 2 5 19 20 22 38 39 #

31 378098.0 20 22 39 57 75 92 93 163 #

31 311951.0 5 24 38 57 75 134 159 222 #

32 256732.0 79 81 98 99 188 #

32 303094.0 187 188 204 205 207 #

32 296236.0 98 114 115 117 132 #

32 243836.0 28 45 64 81 99 #

32 218646.0 79 241 242 261 264 #

32 184880.0 64 81 85 86 122 #

33 207121.0 114 131 132 150 #

33 302550.0 114 133 282 299 #

33 223863.0 132 133 151 279 #

33 191974.0 115 133 134 150 #

33 115492.0 111 114 130 131 #

34 254215.0 298 315 317 318 #

34 321667.0 296 314 315 316 #

34 281751.0 279 296 298 315 #

34 265131.0 300 301 302 318 #

35 115676.0 3 #

36 570247.0 284 301 302 303 304 318 319 320 #

36 585624.0 147 282 283 284 300 301 302 318 #

36 575503.0 279 284 297 298 304 315 316 317 #

36 549970.0 135 268 285 286 287 303 304 319 #

36 516768.0 240 284 301 302 303 318 319 320 #

36 509464.0 219 220 300 301 302 318 319 320 #

36 504599.0 72 229 283 284 301 302 303 320 #

36 460670.0 206 224 243 280 299 300 317 318 #

36 376996.0 167 169 171 186 188 273 304 322 #

37 274804.0 86 102 103 119 120 139 330 #

37 378300.0 83 102 103 121 192 265 283 #

37 359713.0 102 103 120 121 138 307 308 #

37 336248.0 85 103 104 120 122 140 159 #

37 323993.0 43 48 65 67 84 86 105 #

37 296924.0 0 98 99 116 118 135 330 #

38 255106.0 249 250 267 269 284 #

38 362556.0 266 269 285 286 305 #

38 352867.0 110 111 266 267 284 #

38 291637.0 31 266 283 284 285 #

38 215105.0 250 266 267 279 285 #

38 152481.0 229 232 248 249 267 #

39 606027.0 254 255 256 270 271 272 273 274 291 #

39 609216.0 196 236 254 270 271 282 289 307 308 #

39 601309.0 37 239 255 256 257 258 274 275 276 #

39 583241.0 237 254 255 256 271 272 273 288 289 #

39 511334.0 16 107 238 255 273 274 275 291 309 #

39 500115.0 99 107 140 196 197 214 233 256 274 #

39 480558.0 33 50 51 229 255 272 291 309 310 #

39 441177.0 16 112 130 174 175 194 271 290 309 #

39 440831.0 172 257 271 272 273 274 290 291 310 #

39 438031.0 218 236 237 252 254 271 272 288 289 #

40 85504.0 204 #

41 112717.0 171 #

42 593435.0 106 107 123 124 125 141 142 143 159 161 178 #

42 769839.0 94 112 128 129 160 161 178 179 195 196 197 #

42 765094.0 76 95 110 123 124 129 142 160 161 178 218 #

42 726284.0 108 109 127 142 160 161 174 177 178 179 196 #

42 679913.0 113 159 174 175 176 177 178 179 192 193 211 #

42 669339.0 1 105 106 107 122 123 124 125 141 158 324 #

42 650195.0 54 55 56 74 123 124 125 142 160 231 250 #

42 631160.0 87 105 106 107 123 124 141 143 158 161 177 #

42 630314.0 105 106 107 123 124 125 141 237 256 274 275 #

42 593500.0 83 84 87 89 102 105 106 107 123 124 142 #

43 320436.0 278 284 302 #

43 251560.0 204 266 284 #

43 240291.0 283 284 302 #

43 196559.0 260 261 278 #

44 154196.0 178 179 #

44 77438.0 159 178 #

45 233729.0 220 237 239 256 #

45 251350.0 16 184 203 220 #

45 232903.0 239 240 256 257 #

45 222000.0 237 277 278 296 #

45 184303.0 238 239 240 257 #

46 88042.0 52 #

47 629841.0 259 260 261 276 278 280 294 295 296 312 313 #

47 777629.0 244 262 278 279 294 295 296 297 312 313 314 #

47 763664.0 105 123 154 200 201 276 277 295 296 315 330 #

47 678015.0 204 221 260 276 277 279 295 296 297 312 315 #

47 638522.0 1 257 276 277 278 279 293 295 296 298 312 #

47 625218.0 209 226 241 243 244 245 260 261 262 278 279 #

47 624940.0 166 175 191 192 208 259 260 261 276 278 280 #

47 584490.0 219 237 241 258 259 260 276 277 278 293 294 #

47 578598.0 43 61 79 81 96 98 242 260 261 278 297 #

47 521648.0 242 259 260 277 278 279 295 296 312 313 314 #

48 240688.0 42 57 59 76 #

48 249545.0 57 75 76 94 #

48 246659.0 57 197 238 239 #

48 234449.0 40 41 58 59 #

48 199699.0 42 59 209 250 #

49 129650.0 205 222 #

49 149753.0 222 223 #

49 141477.0 205 333 #

50 26121.0 151 #

51 132038.0 30 49 #

51 161758.0 49 50 #

51 158918.0 30 87 #

52 87441.0 103 104 #

52 96008.0 86 104 #

53 142184.0 304 322 #

53 109197.0 286 304 #

53 105186.0 212 322 #

54 99043.0 9 #

55 73148.0 256 #

56 155257.0 167 261 271 #

56 206801.0 124 243 261 #

56 195437.0 149 166 167 #

56 194231.0 39 271 309 #

57 256118.0 14 15 31 34 51 330 #

57 348074.0 68 86 216 233 235 330 #

57 334734.0 13 14 32 91 93 110 #

57 313672.0 15 16 34 35 53 71 #

57 292266.0 51 69 86 87 188 189 #

57 286335.0 15 34 67 86 104 121 #

57 222065.0 13 14 17 31 32 33 #

58 102309.0 105 #

59 860728.0 3 20 37 38 56 73 74 92 114 133 150 156 179 196 197 274 #

59 1026158.0 98 114 115 177 186 187 196 197 203 204 205 213 214 215 223 233 #

59 981782.0 151 169 186 187 188 196 203 204 205 221 222 223 224 239 240 241 #

59 946325.0 59 72 73 91 92 109 110 126 127 153 170 171 172 189 290 313 #

59 939966.0 75 94 113 142 149 160 165 166 167 177 178 179 181 182 199 200 #

59 938090.0 7 10 25 27 42 44 46 61 62 64 65 219 229 237 255 274 #

59 915069.0 3 4 14 21 22 23 24 33 38 39 40 50 191 192 193 312 #

59 912687.0 25 45 85 97 112 113 114 115 129 130 131 132 133 150 169 331 #

59 875835.0 112 131 150 168 169 170 186 187 188 189 204 206 207 208 219 225 #

59 871932.0 104 121 122 136 140 141 155 156 157 158 174 175 176 177 272 289 #

60 334543.0 4 164 166 182 183 184 324 #

60 455349.0 250 267 268 269 286 287 324 #

60 444255.0 74 148 165 166 167 185 186 #

60 442125.0 4 20 22 38 39 56 142 #

60 351278.0 79 80 146 164 165 182 183 #

60 350465.0 148 149 165 166 183 184 214 #

60 239646.0 105 122 162 163 181 182 183 #

61 135875.0 273 291 310 311 #

61 183809.0 276 293 294 311 #

61 128527.0 275 293 310 311 #

62 79763.0 243 #

63 131382.0 63 80 #

63 145642.0 80 285 #

63 133431.0 63 64 #

64 107682.0 99 118 #

64 124208.0 100 118 #

64 40669.0 82 99 #

65 29606.0 134 #

66 266506.0 77 124 125 142 #

66 274035.0 107 124 244 245 #

66 223616.0 23 42 60 77 #

66 201719.0 105 124 142 143 #

66 158979.0 106 124 125 141 #

67 85682.0 182 #

68 417463.0 28 29 285 286 304 305 323 #

68 544347.0 268 286 287 304 305 323 326 #

68 499855.0 107 268 269 285 286 305 327 #

68 482371.0 267 285 302 304 305 322 323 #

68 482320.0 103 268 269 285 286 304 323 #

68 449057.0 10 11 27 29 30 210 229 #

68 398775.0 217 236 253 254 272 305 323 #

68 349800.0 27 28 46 217 234 235 253 #

69 900091.0 99 100 116 117 118 119 135 136 137 153 154 155 222 241 321 #

69 1001010.0 52 53 69 71 137 151 154 155 156 157 170 171 173 174 175 #

69 989415.0 14 44 53 61 70 169 170 198 203 220 238 304 305 321 322 #

69 948181.0 62 92 95 99 117 119 122 136 137 145 146 152 153 154 163 #

69 936855.0 98 99 116 117 118 133 134 136 137 153 154 155 171 172 188 #

69 891579.0 162 163 166 168 169 185 186 202 203 222 237 238 239 241 258 #

69 890052.0 81 82 97 99 100 116 117 118 119 127 129 137 138 146 165 #

69 875139.0 96 113 116 117 118 132 133 134 135 136 137 152 155 214 226 #

69 874042.0 98 99 116 117 118 134 135 136 137 152 153 154 156 170 172 #

69 857885.0 116 118 132 134 135 136 137 151 152 153 154 155 170 189 207 #

70 96956.0 127 #

71 80009.0 208 #

72 351592.0 51 52 53 153 171 189 #

72 392725.0 56 117 153 183 243 261 #

72 392590.0 107 170 171 189 207 224 #

72 331137.0 33 34 35 52 53 71 #

72 325346.0 51 117 134 135 153 171 #

72 296516.0 115 134 136 153 171 176 #

72 283540.0 12 32 50 51 52 68 #

73 214282.0 1 95 113 #

73 204120.0 78 92 95 #

73 186704.0 113 130 131 #

73 114507.0 1 2 19 #

74 396983.0 38 40 57 58 59 74 92 109 #

74 579716.0 74 76 92 93 109 127 301 302 #

74 547150.0 58 76 93 133 152 195 214 233 #

74 491165.0 36 48 49 68 91 92 108 109 #

74 459598.0 40 57 58 59 75 92 93 110 #

74 431216.0 21 36 37 38 54 55 56 134 #

74 415052.0 38 57 58 75 94 300 301 317 #

74 399686.0 37 54 55 56 73 74 75 92 #

74 363443.0 38 41 42 57 58 59 75 76 #

75 317645.0 242 243 246 260 263 #

75 289821.0 242 243 260 261 279 #

75 259574.0 162 245 246 264 265 #

75 254112.0 2 21 39 260 281 #

75 230434.0 245 246 262 263 281 #

75 225560.0 74 242 261 279 302 #

76 141755.0 2 207 225 226 #

76 145142.0 1 2 19 20 #

76 80388.0 206 207 225 226 #

77 427641.0 30 48 49 64 65 66 #

77 434064.0 30 48 49 66 85 119 #

77 425448.0 47 64 65 66 83 166 #

77 378544.0 30 33 48 49 50 68 #

77 370074.0 48 64 65 66 84 234 #

77 305468.0 64 66 83 223 303 321 #

78 231232.0 147 149 166 #

78 190831.0 166 184 269 #

78 181830.0 149 168 186 #

78 178594.0 128 147 164 #

79 126568.0 266 284 #

79 169843.0 23 284 #

79 51535.0 58 266 #

80 219401.0 112 130 131 150 #

80 222294.0 44 61 116 130 #

80 206348.0 41 114 132 150 #

80 203132.0 130 131 132 147 #

80 140040.0 111 112 128 282 #

81 394433.0 220 245 246 247 263 264 265 #

81 508157.0 244 245 246 247 263 265 282 #

81 467531.0 246 247 248 264 265 282 283 #

81 359724.0 212 230 231 246 247 263 264 #

81 344401.0 210 212 227 229 246 247 248 #

81 321964.0 228 229 245 246 247 263 282 #

81 320952.0 230 245 246 247 248 263 264 #

81 292811.0 203 204 205 220 221 237 238 #

82 678793.0 88 107 179 196 199 202 203 204 218 221 222 #

82 789280.0 52 53 69 70 71 87 88 89 105 106 107 #

82 699891.0 70 71 86 88 89 105 107 123 124 142 332 #

82 679771.0 177 181 182 198 199 200 201 217 218 258 259 #

82 672940.0 149 166 167 168 169 184 185 186 203 204 205 #

82 646920.0 36 37 140 159 160 161 178 179 197 215 323 #

82 632461.0 204 205 222 223 240 241 259 260 261 278 280 #

82 622175.0 203 204 205 221 222 238 239 240 255 257 273 #

82 605741.0 15 45 159 177 178 179 195 196 197 211 214 #

82 580287.0 79 97 199 200 201 217 218 219 237 277 278 #

83 97079.0 125 #

84 767018.0 22 211 212 214 215 230 231 232 233 250 251 266 267 #

84 827031.0 193 194 211 212 213 214 230 231 232 233 250 251 269 #

84 821523.0 24 58 59 60 76 77 196 214 230 231 233 250 251 #

84 818568.0 111 128 165 178 179 195 196 197 198 213 214 215 318 #

84 813682.0 95 96 161 178 194 195 196 197 212 213 214 229 231 #

84 802058.0 161 178 179 195 196 197 213 214 215 232 233 249 250 #

84 796620.0 182 194 213 248 263 266 267 276 279 280 284 295 296 #

84 786322.0 207 224 267 284 285 286 303 304 305 306 321 322 325 #

84 770971.0 3 20 22 23 39 40 59 115 282 299 306 307 317 #

84 766804.0 142 151 161 179 231 250 251 254 255 266 267 268 269 #

85 223861.0 66 231 232 249 267 312 #

85 326982.0 276 277 294 295 312 313 #

85 288085.0 215 231 232 250 267 318 #

85 271932.0 48 65 66 83 85 102 #

85 225771.0 44 61 62 214 230 249 #

86 199159.0 255 272 274 #

86 179399.0 274 275 291 #

86 156964.0 255 272 290 #

87 687474.0 63 82 85 98 99 101 102 117 119 120 121 122 137 #

87 818274.0 7 8 17 35 94 118 137 154 155 156 174 175 194 #

87 814333.0 61 80 81 98 99 100 116 117 118 134 135 137 155 #

87 809963.0 26 102 119 120 121 122 123 124 138 139 140 141 157 #

87 792340.0 85 87 102 103 104 120 121 138 139 195 196 197 214 #

87 775140.0 101 119 120 121 122 138 139 242 257 258 259 274 275 #

87 725170.0 83 86 87 102 103 105 120 121 122 133 139 151 152 #

87 695256.0 33 64 81 97 98 99 100 117 118 135 137 154 207 #

87 694018.0 63 64 80 81 98 99 116 117 118 133 136 141 324 #

87 686661.0 65 67 83 84 85 88 102 105 106 107 124 125 325 #

88 339604.0 98 100 117 136 #

88 304040.0 136 155 255 274 #

88 284735.0 98 114 115 165 #

88 265597.0 98 116 117 134 #

88 211759.0 100 101 117 134 #

89 769179.0 76 93 112 179 196 197 200 214 215 218 219 236 237 #

89 971537.0 167 168 185 186 195 203 204 216 234 235 236 253 271 #

89 884018.0 12 58 74 75 76 178 179 194 195 196 197 302 329 #

89 882022.0 39 56 57 58 59 76 77 78 94 95 124 142 143 #

89 877376.0 138 139 156 157 184 186 200 201 204 219 236 237 252 #

89 827558.0 95 96 97 112 113 114 127 128 129 130 131 146 147 #

89 808235.0 70 89 142 160 177 178 179 194 196 197 213 272 273 #

89 795959.0 38 56 57 74 75 76 93 94 95 110 112 131 181 #

89 774078.0 5 118 136 194 195 196 197 201 213 214 218 236 237 #

89 739599.0 81 99 100 101 117 118 120 136 137 237 255 256 274 #

90 38110.0 230 246 249 #

91 476845.0 137 155 174 175 192 210 264 281 #

91 533058.0 135 153 154 170 171 210 233 250 #

91 524646.0 120 138 139 140 155 196 213 235 #

91 503643.0 171 244 262 281 282 299 305 323 #

91 472859.0 136 153 154 155 171 174 175 193 #

91 452104.0 27 28 46 118 137 138 156 173 #

91 418735.0 157 174 175 176 191 192 193 212 #

91 393845.0 174 179 191 192 197 211 228 229 #

91 391730.0 228 229 244 245 246 247 262 264 #

92 508044.0 13 14 122 139 140 141 142 157 158 159 160 #

92 725942.0 114 123 124 125 132 142 143 161 178 195 196 #

92 716314.0 79 118 122 137 140 155 156 157 158 165 173 #

92 698909.0 87 105 106 107 122 123 124 125 141 142 143 #

92 671305.0 13 14 30 31 32 33 50 52 129 180 219 #

92 627530.0 23 66 119 123 125 141 142 151 159 160 178 #

92 614550.0 139 140 153 154 159 160 161 171 176 177 179 #

92 614281.0 140 158 159 176 177 178 195 196 197 214 233 #

92 483915.0 14 30 31 32 33 48 50 65 68 115 133 #

92 468983.0 68 85 86 101 103 104 105 106 122 140 233 #

93 340438.0 169 186 187 204 205 221 #

93 454576.0 170 186 188 203 204 205 #

93 405494.0 6 169 170 187 188 205 #

93 351264.0 184 186 187 203 204 221 #

93 350174.0 202 203 221 222 239 240 #

93 322272.0 187 188 189 205 206 318 #

93 255775.0 93 132 151 169 188 206 #

94 562971.0 26 27 44 61 62 80 148 149 166 #

94 580445.0 128 147 148 149 164 165 166 167 183 #

94 569425.0 8 24 25 26 27 28 44 45 61 #

94 550999.0 8 24 25 26 44 61 158 161 178 #

94 538234.0 9 27 28 109 127 144 146 150 223 #

94 534863.0 61 63 64 78 80 81 95 148 165 #

94 522707.0 148 149 150 168 185 223 240 272 331 #

94 485546.0 24 49 66 108 127 166 170 183 184 #

94 477249.0 44 61 62 63 64 79 80 97 98 #

94 473247.0 27 43 44 61 78 79 80 98 319 #

95 620991.0 11 12 19 28 36 37 45 55 56 241 242 275 #

95 792063.0 18 36 37 55 56 120 124 138 139 141 158 159 #

95 754727.0 1 19 36 37 38 55 74 76 93 148 149 165 #

95 750733.0 206 207 223 224 241 243 244 258 260 262 277 296 #

95 733662.0 1 18 19 36 37 235 243 244 261 262 281 298 #

95 696315.0 25 27 28 42 44 45 61 62 64 78 124 125 #

95 686633.0 9 26 27 28 29 45 120 121 122 139 140 157 #

95 682918.0 2 12 13 14 15 31 32 48 50 67 68 126 #

95 653674.0 1 2 19 20 36 37 38 55 74 106 107 124 #

95 649547.0 61 223 241 242 243 244 245 260 261 262 263 281 #

96 265593.0 198 199 216 #

96 216257.0 180 181 198 #

96 183413.0 199 218 294 #

97 156655.0 96 115 133 134 #

97 213924.0 132 133 150 151 #

97 206637.0 79 80 96 322 #

97 184215.0 2 115 142 143 #

97 104413.0 115 116 132 134 #

98 76853.0 91 #

99 41334.0 330 #

100 47718.0 106 #

101 644850.0 114 133 150 235 253 254 270 271 272 288 289 #

101 695284.0 63 64 217 234 235 252 254 270 271 288 289 #

101 637911.0 99 100 118 135 234 235 238 253 254 255 272 #

101 590029.0 176 217 234 253 270 271 288 289 290 306 309 #

101 580559.0 96 97 114 115 131 132 133 150 151 152 260 #

101 579597.0 52 252 254 270 271 272 288 289 290 306 307 #

101 548073.0 99 114 115 116 118 132 133 134 150 153 172 #

101 500814.0 216 217 218 235 236 252 253 254 270 271 288 #

101 490620.0 97 114 131 132 133 150 168 187 206 261 323 #

101 485469.0 234 237 252 253 254 270 271 272 288 289 308 #

102 113408.0 333 #

103 156917.0 116 133 #

103 118690.0 115 133 #

103 59980.0 116 141 #

104 78148.0 164 #

105 289126.0 11 29 47 263 280 #

105 354365.0 12 29 204 205 223 #

105 254223.0 46 47 48 65 166 #

105 222042.0 11 29 48 244 245 #

105 205680.0 16 246 263 264 280 #

105 188564.0 145 242 246 263 282 #

106 144400.0 34 52 #

106 200783.0 52 53 #

106 101857.0 33 34 #

107 127121.0 20 39 119 #

107 132903.0 2 19 20 #

108 49076.0 40 #

109 254759.0 124 142 252 328 #

109 350127.0 149 167 243 328 #

109 320474.0 104 105 124 125 #

109 281928.0 106 124 125 142 #

109 240558.0 90 235 252 271 #

110 932063.0 29 32 33 48 49 50 51 52 67 68 69 70 85 86 87 89 105 106 107 228 #

110 1276829.0 86 87 88 98 99 103 104 105 106 107 123 124 125 142 143 196 197 214 215 315 #

110 1258970.0 68 70 76 87 88 89 90 105 106 107 109 110 123 124 141 158 159 165 307 313 #

110 1254813.0 70 87 88 89 104 105 106 121 219 220 222 236 237 239 255 256 258 300 301 320 #

110 1229305.0 3 4 5 21 71 73 88 89 91 92 105 106 107 123 124 125 141 142 208 215 #

110 1227085.0 0 10 11 12 13 14 18 27 29 30 31 32 33 44 46 48 49 50 52 154 #

110 1210709.0 11 29 35 47 48 50 52 53 67 68 69 70 71 88 105 106 107 123 154 171 #

110 1140690.0 32 33 34 35 49 50 51 52 53 68 69 70 71 86 103 104 105 238 239 255 #

110 1133888.0 12 25 31 32 33 50 52 68 69 70 86 87 99 103 104 105 117 118 122 188 #

110 1103125.0 0 12 13 14 15 30 31 32 33 43 44 48 49 50 62 68 174 193 304 323 #

111 170487.0 86 105 106 #

111 240017.0 86 87 173 #

111 191574.0 105 123 124 #

111 105954.0 62 99 106 #

112 431934.0 16 17 34 35 52 53 70 71 88 #

112 567450.0 34 51 52 53 70 86 87 88 92 #

112 561505.0 52 65 70 71 84 85 87 101 102 #

112 541137.0 14 15 16 17 32 33 34 52 53 #

112 516418.0 13 14 15 16 33 34 51 52 82 #

112 507511.0 14 17 32 33 34 35 52 53 176 #

112 490977.0 35 52 53 69 70 71 86 87 89 #

112 458423.0 14 15 16 17 33 34 35 51 52 #

112 447261.0 17 33 34 35 51 52 69 87 329 #

112 434774.0 33 34 35 52 71 89 106 124 324 #

113 449324.0 173 174 175 176 177 193 194 #

113 521899.0 76 94 175 176 177 193 194 #

113 439750.0 174 175 176 177 194 195 213 #

113 434905.0 138 140 157 174 175 176 194 #

113 401344.0 155 173 174 175 191 194 195 #

113 346676.0 156 174 175 192 209 211 226 #

113 340873.0 175 176 263 279 280 298 299 #

113 314812.0 176 193 229 245 246 262 263 #

114 302575.0 146 246 263 264 281 299 #

115 139820.0 46 63 #

115 133656.0 63 80 #

115 93430.0 28 46 #

116 983543.0 79 170 171 172 187 188 189 205 206 207 208 222 225 226 244 245 258 263 289 #

116 1316867.0 100 118 119 137 138 153 155 170 171 172 173 188 189 190 201 206 208 209 297 #

116 1298653.0 8 9 10 27 28 43 45 58 59 100 119 136 138 155 172 173 189 279 280 #

116 1228652.0 18 28 65 126 136 138 154 155 157 170 171 188 189 202 203 221 222 250 263 #

116 1176776.0 95 112 113 114 131 132 150 154 171 172 187 188 189 204 205 206 210 222 223 #

116 1148071.0 9 150 166 167 168 169 170 185 186 187 188 204 205 206 222 223 224 228 229 #

116 1135615.0 198 216 217 234 235 252 253 254 270 271 272 273 288 289 290 291 307 308 309 #

116 1123944.0 60 79 133 158 222 223 224 238 239 240 241 243 244 255 257 259 260 261 262 #

116 1117693.0 12 31 32 59 190 197 207 208 209 210 225 226 227 243 260 261 262 263 279 #

116 1105152.0 104 192 209 210 226 228 233 244 245 246 248 262 263 264 265 266 279 280 305 #

117 75034.0 160 #

118 259712.0 2 21 39 114 133 #

118 359841.0 132 133 241 243 260 #

118 303622.0 4 21 39 94 161 #

118 257424.0 1 2 19 21 270 #

118 252763.0 95 96 97 114 115 #

118 199708.0 2 19 20 21 39 #

119 262354.0 43 44 62 80 #

119 224291.0 26 42 43 55 #

119 215914.0 80 81 97 98 #

119 204320.0 2 43 61 62 #

119 184384.0 43 44 62 111 #

120 363480.0 89 107 123 124 141 142 143 233 #

120 536435.0 87 88 105 106 107 123 124 142 #

120 486010.0 106 124 141 142 180 198 199 272 #

120 411772.0 26 43 88 89 107 172 189 208 #

120 401687.0 177 195 196 197 214 231 233 250 #

120 397619.0 80 106 123 124 141 142 158 161 #

120 373126.0 34 52 71 89 106 107 275 293 #

120 343580.0 48 88 106 107 124 125 143 277 #

120 340528.0 33 125 142 143 159 160 161 178 #

121 190587.0 219 236 254 #

121 170789.0 254 255 273 #

121 147863.0 201 218 219 #

121 116519.0 236 253 254 #

122 844072.0 10 11 12 29 46 47 48 64 65 66 67 83 85 120 138 #

122 997526.0 8 9 10 11 27 29 149 168 199 216 267 284 285 302 303 #

122 896729.0 10 29 30 46 47 48 49 55 64 65 66 73 83 148 165 #

122 875091.0 11 12 13 14 16 29 30 31 33 34 48 65 210 262 293 #

122 841003.0 105 106 118 120 129 137 138 139 140 156 157 159 175 176 194 #

122 826888.0 10 11 12 13 14 15 16 28 29 31 32 33 46 51 52 #

122 776331.0 27 28 29 45 46 47 63 64 65 82 83 88 255 272 290 #

122 769611.0 9 28 29 31 45 47 48 65 66 83 171 190 220 239 264 #

122 767914.0 30 47 48 49 64 65 66 67 84 85 192 267 275 293 310 #

122 765021.0 48 65 66 67 84 85 101 102 103 119 120 137 139 154 158 #

123 259111.0 217 234 235 252 253 #

123 354992.0 183 198 200 216 217 #

123 288197.0 217 229 234 235 236 #

123 240263.0 198 216 235 252 253 #

123 234695.0 252 253 254 271 288 #

123 208769.0 6 218 252 253 271 #

124 19798.0 221 #

125 132783.0 143 161 178 #

125 163978.0 161 179 196 #

125 154722.0 159 160 178 #

125 124990.0 143 160 161 #

126 89871.0 151 169 #

126 24370.0 66 169 #

127 1055518.0 184 200 201 217 218 219 234 238 239 254 255 267 284 302 #

127 997382.0 165 184 185 199 200 201 203 217 219 221 235 236 271 288 #

127 989951.0 24 42 43 44 59 60 61 201 211 213 216 217 218 235 #

127 989381.0 6 180 198 199 200 201 216 217 218 219 234 252 253 271 #

127 933579.0 87 183 199 200 201 216 217 218 219 220 234 236 279 298 #

127 930505.0 169 248 264 265 266 267 282 284 285 300 301 302 320 327 #

127 925185.0 246 264 265 267 271 282 283 284 285 296 300 301 302 314 #

127 895340.0 102 174 221 263 265 266 280 282 283 284 285 286 300 301 #

127 882194.0 72 73 90 92 109 220 237 238 239 241 255 257 258 276 #

127 847650.0 76 180 191 198 208 216 217 218 234 235 252 253 290 307 #

128 270222.0 132 133 150 151 #

128 259970.0 150 194 318 319 #

128 247658.0 131 133 150 152 #

128 196194.0 113 130 131 132 #

128 152879.0 132 151 157 169 #

129 63125.0 152 #

130 181700.0 61 62 63 80 294 295 #

130 133273.0 266 275 276 277 293 295 #

131 291156.0 94 111 251 269 286 #

131 307484.0 75 85 94 117 181 #

131 297223.0 250 251 268 269 287 #

131 235280.0 250 251 268 286 303 #

131 213557.0 233 250 251 268 286 #

131 211065.0 62 63 110 111 129 #

132 305720.0 127 128 129 130 267 285 #

132 354064.0 128 130 146 147 164 182 #

132 280014.0 249 250 267 285 286 302 #

132 276394.0 113 128 129 130 131 132 #

132 270318.0 215 248 266 267 284 285 #

132 227057.0 127 128 259 261 277 278 #

132 203051.0 38 55 71 111 128 129 #

133 297533.0 149 166 167 185 #

133 302785.0 166 185 287 305 #

133 266799.0 113 130 147 149 #

133 246300.0 147 166 184 299 #

133 233811.0 148 149 167 168 #

134 82764.0 44 #

135 319926.0 17 34 42 43 60 61 62 77 80 #

135 459760.0 43 56 60 61 75 77 94 102 112 #

135 453072.0 80 97 98 115 240 257 275 295 296 #

135 410348.0 23 24 25 40 41 42 43 57 188 #

135 399857.0 42 43 47 48 61 62 63 78 168 #

135 359199.0 14 15 16 17 32 33 34 35 239 #

135 354483.0 25 40 42 43 59 60 61 78 206 #

136 364295.0 9 141 160 178 195 196 214 #

136 546194.0 4 5 22 23 178 195 213 #

136 507780.0 145 146 161 163 164 165 178 #

136 493776.0 8 9 10 11 12 28 29 #

136 478496.0 142 160 161 179 274 285 286 #

136 356876.0 177 196 197 211 212 213 214 #

136 299691.0 126 177 196 214 215 247 252 #

136 269424.0 33 50 67 84 122 124 141 #

137 240452.0 122 123 124 141 #

137 316510.0 105 106 107 124 #

137 239996.0 104 122 140 303 #

137 235121.0 106 123 124 141 #

137 230567.0 106 123 141 142 #

138 472164.0 58 61 76 78 79 95 96 97 113 #

138 548162.0 41 58 59 60 76 77 94 112 141 #

138 515142.0 78 79 94 95 96 97 113 114 130 #

138 468485.0 43 44 60 61 62 66 78 83 332 #

138 457190.0 40 41 58 59 75 124 141 142 310 #

138 426442.0 97 98 115 116 117 132 299 300 317 #

138 417826.0 60 61 62 79 97 98 99 116 133 #

138 411047.0 79 96 97 113 114 115 132 133 151 #

138 408376.0 60 77 78 95 96 97 113 115 134 #

139 123711.0 186 203 #

139 153347.0 203 204 #

139 96830.0 169 186 #

140 423837.0 140 141 147 148 158 164 #

140 415593.0 114 127 133 146 164 165 #

140 405370.0 139 140 141 142 158 159 #

140 392149.0 147 148 166 167 185 310 #

140 365942.0 113 127 128 130 147 148 #

140 294742.0 40 158 159 177 258 277 #

140 294467.0 38 56 57 122 123 141 #

141 341569.0 76 94 111 112 128 129 130 #

141 464402.0 58 59 75 76 92 93 109 #

141 439577.0 31 77 94 95 96 111 329 #

141 365074.0 91 93 94 110 111 128 129 #

141 321635.0 92 93 96 111 112 113 130 #

141 270560.0 94 111 128 181 198 217 327 #

141 248109.0 66 110 111 129 161 196 214 #

142 659846.0 120 121 138 144 145 162 163 192 208 209 227 #

142 775009.0 85 102 103 119 120 137 138 139 156 157 158 #

142 694640.0 41 122 138 139 140 156 157 158 177 178 330 #

142 679910.0 145 146 147 148 162 163 164 165 180 181 182 #

142 678178.0 12 86 102 103 120 121 138 179 196 197 213 #

142 586154.0 32 49 50 66 67 68 86 103 145 162 163 #

142 583969.0 127 128 144 145 146 162 163 164 181 198 217 #

142 569328.0 13 128 129 147 163 166 181 184 247 289 290 #

142 558908.0 135 154 192 210 227 228 229 244 245 246 264 #

142 552970.0 190 191 192 210 212 228 229 246 264 281 282 #

143 65729.0 46 #

144 340809.0 119 120 121 122 139 #

144 394203.0 116 117 119 136 137 #

144 360814.0 122 137 138 139 157 #

144 325666.0 47 64 120 121 122 #

144 248889.0 101 102 104 120 121 #

144 241566.0 104 122 164 182 183 #

145 17244.0 181 #

146 246318.0 247 265 266 #

146 223267.0 248 264 265 #

146 84455.0 97 246 247 #

147 243869.0 268 286 287 #

147 256106.0 268 269 287 #

147 252719.0 13 286 287 #

148 248748.0 36 37 265 #

148 230250.0 36 54 55 #

148 155522.0 225 265 283 #

149 252999.0 19 36 55 150 #

149 257422.0 36 55 73 74 #

149 203068.0 150 168 185 202 #

149 199785.0 19 37 55 56 #

149 192539.0 1 18 19 37 #

150 114574.0 238 239 #

150 154601.0 239 256 #

151 192086.0 158 177 178 #

151 195968.0 139 157 158 #

151 155641.0 177 178 208 #

151 152127.0 176 177 178 #

152 74272.0 260 #

153 630596.0 123 142 159 160 161 178 179 195 199 200 #

153 655593.0 51 52 178 179 194 195 196 214 215 232 #

153 629454.0 154 172 184 200 201 202 218 219 220 236 #

153 614826.0 88 105 106 125 142 143 150 160 161 304 #

153 613709.0 141 142 143 160 161 179 200 201 219 220 #

153 610367.0 105 120 121 123 139 140 142 157 158 159 #

153 606739.0 141 159 160 161 177 178 195 196 315 316 #

153 551056.0 159 161 178 186 195 196 197 204 205 224 #

153 532607.0 147 164 180 181 182 199 216 217 218 235 #

153 523962.0 140 141 142 157 159 160 161 176 177 179 #

154 213273.0 27 46 64 183 #

154 262271.0 63 64 83 102 #

154 234978.0 46 64 82 83 #

154 173776.0 165 182 183 200 #

155 164738.0 78 79 96 281 #

155 178633.0 79 81 98 99 #

155 177593.0 96 113 195 221 #

156 820356.0 72 93 94 111 112 127 128 129 130 146 147 148 254 #

156 878424.0 92 93 110 127 146 202 203 220 221 262 279 305 313 #

156 829850.0 5 91 110 111 126 127 128 129 144 146 147 164 165 #

156 780362.0 42 59 76 94 95 109 110 111 112 113 312 313 314 #

156 762644.0 200 201 217 218 219 235 236 237 254 255 274 281 291 #

156 760329.0 93 94 95 111 112 113 128 129 130 146 147 165 310 #

156 734304.0 94 110 111 112 127 128 129 130 145 146 147 164 253 #

156 726671.0 61 74 75 76 79 93 94 95 96 112 113 115 129 #

156 669480.0 67 147 148 149 165 166 167 183 184 202 203 221 293 #

156 668417.0 35 36 37 54 55 72 73 74 75 91 92 93 272 #

157 54538.0 249 250 #

158 141641.0 62 80 #

158 145053.0 62 63 #

158 131199.0 80 81 #

159 137151.0 293 309 #

159 146705.0 308 309 #

160 221359.0 77 95 96 114 #

160 308645.0 76 93 94 95 #

160 262057.0 114 131 133 150 #

160 249202.0 60 77 94 95 #

160 178026.0 77 78 95 96 #

161 92378.0 30 #

162 234295.0 16 17 34 278 296 #

162 340360.0 260 278 279 296 314 #

162 324125.0 14 15 34 51 52 #

162 256716.0 16 230 231 247 257 #

162 200722.0 15 16 17 50 67 #

163 621597.0 188 205 206 207 208 223 224 225 240 257 274 275 #

163 848612.0 15 35 151 152 238 255 258 274 275 291 332 333 #

163 724209.0 167 168 187 188 207 224 226 242 243 244 245 262 #

163 701342.0 11 28 46 65 66 162 207 208 209 224 225 226 #

163 693214.0 147 164 165 175 191 192 207 208 209 210 228 229 #

163 683323.0 137 140 142 154 158 159 177 221 239 240 256 325 #

163 667797.0 169 171 187 188 189 206 207 220 223 239 240 257 #

163 659424.0 38 39 40 191 192 207 208 209 210 225 226 257 #

163 641668.0 129 130 131 132 149 151 152 153 169 170 188 258 #

163 630979.0 2 21 174 191 192 205 206 211 223 224 241 258 #

164 341928.0 293 297 298 310 311 314 315 #

164 478070.0 207 259 260 278 297 298 315 #

164 456380.0 44 276 295 296 303 304 314 #

164 394527.0 272 274 290 291 292 309 310 #

164 370385.0 281 297 298 299 300 314 315 #

164 326559.0 295 300 313 314 315 316 317 #

164 309430.0 148 276 293 294 310 311 312 #

164 296311.0 259 276 277 293 299 310 311 #

165 410027.0 33 51 52 69 70 71 88 #

165 489965.0 4 23 33 52 53 70 87 #

165 415638.0 35 70 71 88 107 124 180 #

165 374894.0 53 69 70 71 89 283 301 #

165 358213.0 14 15 16 17 33 34 51 #

165 333882.0 51 68 160 179 195 196 197 #

165 308460.0 53 68 69 70 87 89 106 #

165 274486.0 33 51 68 69 235 281 299 #

166 390983.0 164 172 173 174 190 191 236 275 293 #

166 582303.0 7 241 250 257 258 269 274 275 276 #

166 565148.0 145 164 181 198 199 200 201 202 218 #

166 522224.0 8 26 43 45 64 173 189 190 191 #

166 512115.0 136 154 155 173 189 190 207 209 226 #

166 504319.0 194 200 213 218 219 235 236 237 238 #

166 439419.0 57 75 76 93 129 172 189 207 224 #

166 439401.0 1 189 190 294 295 296 313 314 315 #

166 430394.0 122 140 238 239 241 258 275 293 310 #

167 385720.0 115 132 164 241 242 243 259 276 #

167 551219.0 147 164 165 184 185 203 222 239 #

167 519536.0 47 64 66 224 241 243 245 262 #

167 496287.0 176 177 213 240 241 258 259 277 #

167 476865.0 240 258 259 260 276 301 317 318 #

167 447396.0 240 258 259 275 276 277 278 297 #

167 427709.0 114 131 132 150 151 152 169 170 #

167 303317.0 113 115 132 189 191 207 208 224 #

167 300486.0 15 31 32 212 230 242 247 266 #

168 376375.0 11 27 28 103 155 172 #

168 440175.0 9 27 28 45 46 257 #

168 377738.0 103 120 122 139 140 158 #

168 368749.0 8 9 27 240 241 260 #

168 364263.0 138 155 157 234 236 253 #

168 338594.0 11 12 31 48 64 65 #

168 325209.0 75 171 172 190 191 192 #

169 91242.0 285 #

170 655900.0 225 266 267 283 284 285 286 302 303 304 305 #

170 749872.0 49 175 193 194 250 268 269 285 286 287 304 #

170 744490.0 250 251 264 265 267 268 286 287 303 304 333 #

170 728788.0 64 105 182 213 266 284 285 286 303 304 321 #

170 722460.0 155 174 191 192 232 249 267 268 286 303 305 #

170 664264.0 250 266 267 268 278 283 285 286 287 304 322 #

170 650767.0 5 23 24 41 263 282 283 300 301 302 320 #

170 598547.0 199 200 217 218 235 236 252 285 303 319 320 #

170 597564.0 45 232 249 250 266 267 283 284 285 302 330 #

170 595934.0 53 71 151 264 265 282 283 300 301 302 319 #

171 84260.0 169 186 #

171 112660.0 168 186 #

172 176975.0 116 133 151 #

172 211692.0 72 133 151 #

172 169571.0 64 133 250 #

172 130241.0 97 98 116 #

173 465961.0 31 76 94 108 110 111 127 128 #

173 588184.0 13 76 94 96 113 121 140 158 #

173 487594.0 59 74 75 76 154 171 184 190 #

173 477522.0 4 111 126 127 128 144 146 147 #

173 461185.0 57 76 94 95 111 112 129 130 #

173 456879.0 13 30 31 32 33 52 97 315 #

173 428351.0 110 111 127 128 129 147 158 215 #

173 428075.0 109 110 127 128 129 144 145 180 #

173 307396.0 108 126 224 241 242 259 261 280 #

174 2272780.0 7 8 9 10 11 26 27 28 29 30 31 44 45 47 48 50 54 55 57 72 73 74 77 88 91 92 93 171 190 201 202 209 #

174 2244774.0 7 8 9 10 11 27 28 29 30 31 43 44 45 46 48 49 50 55 56 72 73 113 130 147 148 173 184 203 219 220 236 277 #

174 2244746.0 7 26 165 166 168 170 179 182 184 185 187 188 194 195 197 199 202 203 206 211 213 218 219 220 221 229 237 238 239 256 257 258 #

174 2148507.0 4 5 10 11 12 22 23 24 27 29 30 31 32 33 41 46 47 48 49 50 52 57 59 65 76 95 162 228 246 256 263 319 #

174 2102867.0 41 146 147 148 164 165 167 181 184 198 199 200 201 202 203 216 217 218 219 220 221 237 242 259 260 261 278 280 296 297 298 329 #

174 2073192.0 8 10 11 14 26 27 28 29 30 31 43 46 47 48 49 50 51 52 64 65 83 84 142 147 159 165 178 187 188 195 218 219 #

174 1987031.0 6 7 8 24 25 26 28 42 43 44 45 60 61 65 78 79 95 96 114 133 135 140 153 154 158 170 171 188 189 190 193 257 #

174 1983718.0 4 5 6 7 14 22 23 24 25 26 32 41 42 43 44 55 57 58 59 60 62 74 75 76 77 78 92 102 118 119 230 247 #

174 1980579.0 7 8 9 10 25 26 27 28 45 51 52 57 61 74 75 76 80 81 98 115 116 117 132 133 134 135 200 217 218 222 235 240 #

174 1955708.0 23 41 54 58 60 72 73 74 75 76 77 78 88 90 92 93 94 106 107 109 110 111 124 130 159 176 178 193 194 195 211 288 #

175 261107.0 30 65 233 250 269 #

175 329619.0 234 250 268 269 286 #

175 291094.0 187 205 222 233 280 #

175 281517.0 6 231 232 250 267 #

175 195324.0 12 29 30 31 48 #

175 171715.0 47 48 65 66 84 #

176 442263.0 144 145 146 162 163 164 181 182 183 184 #

176 635248.0 126 144 164 173 174 182 191 209 227 315 #

176 560086.0 58 107 123 124 141 142 144 145 162 163 #

176 546740.0 33 51 68 69 127 144 145 162 163 164 #

176 544108.0 127 141 144 145 162 163 181 200 216 217 #

176 512255.0 126 127 128 145 146 162 163 182 183 200 #

176 503088.0 144 145 146 163 164 178 179 266 267 283 #

176 432046.0 0 4 18 21 38 39 56 181 199 221 #

176 400937.0 91 108 109 126 144 162 163 251 268 317 #

177 687327.0 67 134 153 154 170 171 172 188 189 190 206 208 209 #

177 902166.0 170 171 173 187 188 189 190 191 202 203 208 209 325 #

177 848398.0 136 137 153 154 155 171 172 173 190 191 231 268 287 #

177 834402.0 3 70 87 88 89 105 155 173 189 191 208 275 292 #

177 833293.0 48 167 189 208 225 239 257 258 275 276 297 305 315 #

177 763760.0 39 140 156 157 158 165 171 183 184 200 201 223 224 #

177 750351.0 89 118 119 135 136 137 151 152 153 154 169 170 172 #

177 745293.0 4 18 22 40 96 114 115 133 134 140 152 153 170 #

177 735947.0 107 169 171 172 187 188 189 190 206 207 208 209 224 #

177 706957.0 117 118 135 136 151 152 153 169 170 171 188 189 206 #

178 129196.0 190 191 209 #

178 173468.0 105 173 191 #

178 123684.0 189 190 209 #

179 997118.0 146 165 214 215 218 226 233 241 242 243 244 259 260 261 262 277 279 280 281 299 #

179 1350790.0 204 219 220 221 222 223 238 239 240 241 242 243 255 256 257 258 259 275 276 277 #

179 1281935.0 166 185 226 233 243 244 259 262 263 277 278 279 280 281 282 296 297 298 299 301 #

179 1262268.0 8 27 29 46 85 102 103 121 122 138 139 148 157 175 176 192 193 209 241 242 #

179 1232944.0 126 127 129 146 163 164 165 180 181 182 183 198 199 200 216 218 219 234 252 270 #

179 1227544.0 105 122 241 242 243 245 259 260 261 263 278 279 280 281 282 298 299 315 316 317 #

179 1222435.0 22 59 224 243 244 259 260 261 277 279 280 281 282 296 297 298 299 300 315 317 #

179 1198985.0 112 127 129 130 137 146 147 149 163 164 165 166 182 183 262 263 279 280 281 298 #

179 1187974.0 46 47 54 63 65 82 94 95 176 177 190 242 243 259 260 261 279 280 288 298 #

179 1176813.0 90 96 108 122 123 139 141 158 160 169 188 197 206 225 258 259 275 277 278 295 #

180 841091.0 7 8 24 25 26 27 43 44 45 62 64 139 169 239 #

180 1049772.0 8 9 26 27 28 43 44 45 46 63 180 198 216 217 #

180 951052.0 42 43 44 61 62 77 78 87 88 90 94 95 108 126 #

180 867508.0 5 7 8 9 11 24 25 26 27 28 43 44 62 327 #

180 847604.0 14 31 32 33 122 137 138 139 140 157 158 264 281 305 #

180 812808.0 22 23 24 41 42 43 44 58 60 61 62 100 101 217 #

180 804052.0 6 7 8 9 10 25 27 28 42 43 44 46 60 62 #

180 768632.0 8 9 10 16 24 29 41 42 43 58 59 60 77 85 #

180 760166.0 28 46 47 64 65 66 80 81 83 87 88 106 107 327 #

180 749168.0 156 200 201 218 219 220 232 236 237 238 239 240 259 265 #

181 138969.0 250 251 269 #

181 204676.0 251 269 287 #

181 167853.0 251 268 269 #

181 114045.0 249 250 268 #

182 245509.0 75 94 96 113 #

182 316831.0 95 96 254 255 #

182 307421.0 56 75 93 202 #

182 295133.0 95 96 113 200 #

182 283495.0 76 93 94 112 #

183 139773.0 231 249 250 302 #

183 161131.0 66 212 213 231 #

183 160508.0 231 250 267 269 #

183 157271.0 211 229 248 249 #

184 346735.0 228 245 261 262 263 264 265 266 #

184 489468.0 207 208 224 225 226 243 244 245 #

184 477381.0 5 226 242 243 244 259 261 278 #

184 471399.0 54 72 73 91 92 248 265 266 #

184 457753.0 28 70 71 227 244 262 263 291 #

184 393217.0 179 230 232 248 249 266 268 333 #

184 392949.0 228 229 246 247 248 263 264 266 #

184 385521.0 25 138 139 245 246 262 263 282 #

184 352714.0 115 132 194 211 228 229 246 248 #

185 350223.0 19 36 54 55 73 95 #

185 425716.0 93 94 95 110 111 112 #

185 387800.0 36 37 50 54 133 232 #

185 386104.0 36 37 55 73 74 90 #

185 369994.0 18 19 36 228 244 245 #

185 264072.0 73 91 160 210 228 229 #

185 260604.0 35 54 55 62 73 123 #

186 92409.0 64 82 #

187 170112.0 198 199 #

187 147416.0 198 217 #

187 79371.0 181 199 #

188 161004.0 7 26 #

188 184967.0 7 8 #

189 89215.0 25 42 223 #

190 570957.0 25 42 128 164 186 203 213 220 221 239 258 #

190 749326.0 149 168 169 170 171 186 187 188 189 204 205 #

190 742341.0 177 178 179 194 195 196 197 211 213 214 293 #

190 688070.0 129 145 146 147 148 149 162 164 165 166 181 #

190 635700.0 7 45 64 221 227 239 240 241 258 259 276 #

190 587624.0 31 32 166 182 183 184 185 201 202 203 220 #

190 526726.0 25 42 44 61 96 97 100 114 132 218 219 #

190 496696.0 91 238 239 240 255 256 257 258 275 277 293 #

190 459230.0 24 25 42 108 264 265 266 281 282 283 299 #

190 454866.0 48 65 66 67 84 86 128 129 195 196 197 #

191 275733.0 91 108 126 251 268 269 #

191 404999.0 156 251 268 269 286 287 #

191 375643.0 238 251 262 268 269 287 #

191 342642.0 184 250 267 268 269 286 #

191 324480.0 72 73 90 91 108 187 #

191 298336.0 109 110 126 127 144 145 #

191 259971.0 20 72 73 74 90 91 #

192 268542.0 108 109 140 159 178 195 #

192 398816.0 140 155 157 238 255 272 #

192 338838.0 90 108 109 110 126 127 #

192 306726.0 195 196 213 214 231 233 #

192 304178.0 142 159 160 161 177 238 #

192 298324.0 161 177 178 179 196 214 #

192 289182.0 90 108 109 126 127 145 #

193 191968.0 131 132 150 271 #

193 271296.0 254 271 288 290 #

193 230180.0 132 210 228 285 #

193 160868.0 96 113 115 131 #

193 132079.0 150 159 169 177 #

194 74409.0 222 241 #

194 62335.0 241 259 #

195 209510.0 201 218 219 236 #

195 230170.0 126 200 219 236 #

195 185865.0 199 201 218 237 #

195 159082.0 42 219 220 237 #

195 100507.0 48 201 218 259 #

196 120124.0 188 189 #

196 117605.0 189 208 #

196 94507.0 169 188 #

197 277019.0 112 128 129 131 132 150 #

197 409673.0 4 5 23 129 174 193 #

197 388617.0 49 66 94 112 129 332 #

197 360465.0 63 108 127 128 129 147 #

197 328052.0 116 150 168 186 187 205 #

197 320800.0 15 101 112 129 130 131 #

197 251950.0 17 98 114 115 132 151 #

198 126181.0 282 283 #

198 95598.0 283 302 #

199 140808.0 91 92 109 #

199 173277.0 92 93 157 #

199 110709.0 91 109 110 #

199 83642.0 108 109 126 #

200 252292.0 92 93 112 #

200 216862.0 57 76 93 #

200 204447.0 93 100 112 #

200 191550.0 75 92 110 #

201 105576.0 78 95 #

201 131573.0 95 96 #

202 321705.0 204 205 223 224 #

202 318691.0 204 205 222 223 #

202 274312.0 206 223 224 243 #

202 247508.0 177 193 194 204 #

202 189536.0 205 206 223 250 #

203 540300.0 17 34 35 51 52 53 69 70 88 #

203 681389.0 70 148 149 165 166 168 170 184 332 #

203 639525.0 33 52 53 70 71 88 89 107 152 #

203 568449.0 13 14 33 34 35 51 52 53 297 #

203 567160.0 17 34 35 52 53 70 230 247 248 #

203 554929.0 33 35 52 53 70 71 183 184 202 #

203 472028.0 16 17 33 34 35 50 52 159 208 #

203 458838.0 49 68 69 86 103 104 105 122 156 #

203 428870.0 15 16 17 34 35 51 52 68 69 #

203 398301.0 16 17 32 33 34 35 51 52 321 #

204 78559.0 236 237 #

204 81671.0 218 236 #

205 203134.0 109 110 127 #

205 225726.0 110 127 145 #

205 218992.0 91 110 129 #

205 198090.0 90 109 278 #

206 39693.0 48 65 #

207 94750.0 170 #

208 219706.0 172 191 208 209 225 226 #

208 308769.0 106 225 226 235 243 244 #

208 303314.0 172 191 208 209 227 306 #

208 266122.0 189 208 209 225 226 244 #

208 263912.0 153 172 190 191 216 252 #

208 238225.0 171 189 190 206 208 225 #

209 322790.0 223 224 241 260 290 307 308 #

209 333080.0 241 242 243 245 259 260 262 #

209 332156.0 188 189 190 205 206 223 224 #

209 326331.0 224 253 272 291 309 310 311 #

209 305561.0 221 222 239 240 241 242 260 #

209 304544.0 220 237 238 255 273 290 291 #

209 266805.0 272 273 289 290 291 308 309 #

209 259894.0 113 130 253 272 290 307 308 #

210 334198.0 26 42 44 61 80 #

210 356909.0 27 44 61 62 80 #

210 332408.0 43 61 62 80 98 #

210 314227.0 6 24 25 26 41 #

210 306977.0 42 43 44 61 80 #

210 285841.0 6 25 26 42 61 #

211 24595.0 111 #

212 1441745.0 12 13 108 109 111 126 127 128 129 132 144 145 146 150 151 162 163 164 165 169 182 187 188 #

212 1487317.0 23 24 134 150 151 167 168 169 170 186 188 204 205 207 222 223 224 243 262 270 271 281 288 #

212 1416833.0 91 108 109 110 126 127 134 144 145 153 162 163 171 172 181 189 190 192 202 209 210 227 244 #

212 1404410.0 15 33 34 35 79 80 97 145 146 162 163 164 180 181 182 200 263 265 281 282 283 292 299 #

212 1364734.0 8 107 112 130 145 146 147 148 149 162 163 164 165 166 181 182 183 184 192 202 218 220 313 #

212 1363336.0 24 26 42 43 45 60 62 64 77 80 81 93 94 98 108 110 111 113 126 127 145 218 237 #

212 1333376.0 51 68 109 116 126 129 144 145 146 162 163 164 165 181 182 183 184 199 200 201 202 219 326 #

212 1329369.0 147 148 149 151 153 165 166 167 169 170 171 183 184 185 186 188 189 190 201 204 205 207 258 #

212 1322724.0 43 60 71 77 88 89 105 106 107 108 112 122 123 124 125 127 128 129 141 145 146 164 165 #

212 1303115.0 8 26 42 43 44 58 60 62 69 70 88 89 90 91 107 108 109 110 111 129 278 290 296 #

213 1040108.0 39 55 56 72 73 74 90 91 108 109 126 127 148 166 167 186 225 #

213 1072120.0 9 10 11 28 46 55 63 72 73 90 91 92 108 109 110 126 127 #

213 1070739.0 83 85 102 103 104 120 122 138 139 148 149 157 158 165 166 167 326 #

213 1055075.0 1 2 94 95 96 111 112 113 114 130 131 132 133 148 149 167 183 #

213 1045451.0 54 55 56 69 72 73 86 87 90 91 92 108 126 235 252 253 293 #

213 1041292.0 37 42 55 56 57 58 59 74 75 94 95 96 97 113 115 142 160 #

213 1033337.0 134 150 151 168 169 185 186 198 203 204 217 223 288 289 290 307 333 #

213 1015829.0 6 7 25 26 43 49 68 108 126 127 128 144 145 146 289 290 307 #

213 999904.0 170 171 172 173 187 188 189 190 191 192 205 206 207 209 224 225 243 #

213 999497.0 28 29 30 46 48 55 63 73 74 87 90 91 92 108 109 126 127 #

214 35608.0 67 #

215 126878.0 137 156 #

215 169480.0 137 155 #

216 615300.0 110 111 112 143 159 160 161 177 178 179 196 #

216 851856.0 142 143 160 161 178 179 194 195 196 197 332 #

216 843199.0 12 94 95 110 111 112 122 130 148 149 167 #

216 773963.0 160 178 195 196 197 279 296 297 298 315 317 #

216 760914.0 124 142 150 160 169 178 179 186 187 188 206 #

216 742921.0 72 90 91 92 109 110 126 129 130 302 320 #

216 692110.0 88 122 140 142 157 159 160 176 178 179 261 #

216 685334.0 70 124 142 143 177 179 194 195 197 214 221 #

216 677589.0 141 159 160 169 178 179 187 195 196 258 275 #

216 664344.0 140 141 142 158 159 160 177 178 179 196 290 #

217 686003.0 50 67 84 85 86 103 104 105 121 150 168 #

217 694893.0 115 131 132 150 151 168 169 170 185 186 316 #

217 676383.0 86 87 88 102 103 120 121 122 138 139 158 #

217 675309.0 69 85 86 87 103 104 120 121 122 139 220 #

217 667953.0 113 130 149 167 168 185 187 188 206 207 226 #

217 619822.0 33 50 51 52 68 195 220 221 239 240 257 #

217 565533.0 45 64 65 66 67 83 84 85 86 102 103 #

217 552169.0 29 47 66 67 69 84 86 87 103 104 120 #

217 532094.0 104 105 121 122 140 208 209 249 266 267 285 #

217 531573.0 0 66 67 85 86 87 103 105 120 122 143 #

218 183349.0 143 226 244 262 #

218 248060.0 189 244 262 263 #

218 207018.0 207 226 244 245 #

218 184733.0 208 225 226 244 #

218 149513.0 142 143 159 177 #

219 307338.0 27 28 29 44 62 326 #

219 427349.0 12 13 14 29 46 93 #

219 422400.0 9 27 28 43 44 45 #

219 419515.0 27 28 45 47 64 65 #

219 413236.0 25 26 27 43 44 45 #

219 406820.0 227 228 244 246 265 326 #

219 264262.0 61 62 80 97 116 133 #

220 55283.0 176 #

221 617516.0 92 93 108 109 110 111 112 126 127 128 130 144 #

221 825582.0 59 76 93 109 110 125 126 127 139 145 184 312 #

221 820168.0 10 91 92 93 109 110 127 144 145 146 164 182 #

221 777605.0 110 126 127 144 145 146 162 163 164 165 182 294 #

221 743188.0 93 94 95 110 111 112 113 127 128 129 146 321 #

221 740827.0 93 94 111 112 127 128 129 130 146 148 164 165 #

221 731701.0 38 92 93 94 108 110 111 112 127 128 129 146 #

221 726210.0 91 92 93 94 110 111 112 127 128 129 130 209 #

221 710957.0 91 92 109 110 126 127 128 144 146 164 165 317 #

221 693238.0 9 10 29 30 31 127 144 145 164 181 182 200 #

222 98534.0 255 #

223 207344.0 97 148 167 #

223 210029.0 167 168 186 #

223 165386.0 148 166 183 #

223 156285.0 97 98 122 #

224 387670.0 87 88 105 106 107 273 #

224 452290.0 13 28 46 47 273 274 #

224 440189.0 69 70 87 88 105 107 #

224 349880.0 102 103 105 122 123 141 #

224 333855.0 86 87 88 89 105 107 #

224 275651.0 72 88 106 319 320 321 #

224 257028.0 74 85 87 104 260 279 #

225 264132.0 55 74 92 110 #

225 248826.0 75 92 110 324 #

225 232676.0 85 110 127 308 #

225 225592.0 36 54 55 74 #

225 213393.0 74 92 109 110 #

226 729976.0 82 85 101 103 107 120 121 124 138 139 156 173 191 214 #

226 948682.0 77 125 127 129 138 144 146 154 155 156 172 173 174 230 #

226 942693.0 10 120 121 137 138 139 155 156 157 284 285 302 303 319 #

226 925910.0 69 86 138 155 156 170 171 172 173 188 189 190 191 218 #

226 917826.0 82 101 120 121 136 137 138 139 154 155 156 158 173 212 #

226 808844.0 69 86 103 104 105 120 121 122 123 138 139 140 159 279 #

226 777879.0 86 88 103 105 106 121 124 139 140 141 142 157 158 159 #

226 763862.0 45 46 62 63 64 82 207 266 283 284 285 301 302 303 #

226 759961.0 46 63 64 72 73 91 92 153 172 173 174 188 189 191 #

226 757290.0 69 70 85 86 87 103 104 121 122 139 140 157 159 160 #

227 51789.0 35 #

228 131302.0 163 182 #

228 175707.0 164 182 #

228 123639.0 146 163 #

229 209724.0 80 81 96 97 116 #

229 299201.0 79 96 98 114 140 #

229 243096.0 61 62 78 80 95 #

229 201200.0 97 115 116 117 132 #

230 103220.0 88 106 #

230 112027.0 106 268 #

230 72295.0 88 89 #

231 494367.0 192 207 208 209 210 211 226 229 319 #

231 639361.0 173 174 176 190 191 192 193 210 265 #

231 573232.0 156 157 174 192 193 208 210 211 229 #

231 562985.0 33 91 125 207 208 209 210 212 227 #

231 561890.0 134 153 171 172 191 192 208 209 328 #

231 555505.0 266 284 285 301 302 303 318 319 320 #

231 544697.0 5 22 23 24 41 42 116 191 208 #

231 513702.0 191 192 194 209 210 211 212 228 229 #

231 421944.0 187 188 189 190 206 207 209 226 243 #

231 400468.0 126 144 207 208 226 228 244 245 262 #

232 186258.0 83 102 120 121 #

232 256691.0 119 120 121 139 #

232 187574.0 103 104 121 139 #

233 518132.0 276 277 279 294 295 296 313 314 315 #

233 589101.0 7 8 54 72 91 294 295 312 313 #

233 573576.0 141 240 243 261 276 277 278 296 297 #

233 564434.0 294 295 306 307 312 313 314 315 316 #

233 545949.0 92 93 111 238 277 278 295 296 314 #

233 523603.0 215 242 260 279 295 296 297 314 315 #

233 510191.0 95 211 245 260 262 273 277 279 296 #

233 491798.0 74 82 261 262 279 280 296 314 315 #

233 473177.0 236 254 258 276 277 293 295 296 310 #

233 346105.0 259 260 261 273 279 280 294 295 313 #

234 872451.0 133 152 170 184 202 217 219 220 236 237 238 239 240 256 #

234 1056558.0 2 3 5 21 22 23 200 201 217 218 223 224 236 243 #

234 927353.0 26 33 41 42 43 52 60 69 70 200 201 202 219 220 #

234 925057.0 4 22 23 41 102 203 205 220 222 238 239 240 257 322 #

234 906486.0 0 2 19 36 97 115 132 133 147 151 152 166 167 216 #

234 904883.0 26 42 76 93 94 110 111 112 113 129 130 217 238 297 #

234 873394.0 128 146 147 153 165 171 188 189 236 255 256 266 285 302 #

234 842547.0 79 155 166 183 184 185 201 202 203 220 221 222 239 240 #

234 837294.0 22 23 202 203 218 219 220 221 236 237 238 254 256 324 #

234 789527.0 79 184 203 238 255 257 274 275 276 292 293 294 295 312 #

235 424528.0 2 15 19 20 32 33 37 146 #

235 513799.0 20 21 22 39 40 195 286 304 #

235 462832.0 15 229 230 246 247 248 265 266 #

235 447600.0 16 33 52 69 264 283 300 318 #

235 437083.0 91 110 111 127 128 129 130 146 #

235 436326.0 1 2 18 19 20 21 36 55 #

235 407851.0 12 14 15 16 31 32 48 67 #

235 406044.0 2 4 19 20 21 23 39 40 #

235 363610.0 2 19 20 21 36 37 244 245 #

236 702087.0 193 194 195 196 197 212 213 214 230 231 324 #

236 781907.0 99 100 116 117 177 178 179 195 196 213 231 #

236 749501.0 36 161 177 178 179 194 195 196 197 214 215 #

236 725090.0 176 177 194 195 196 197 211 213 214 228 229 #

236 709875.0 52 152 176 192 193 211 212 221 229 239 246 #

236 683791.0 159 178 179 194 195 197 212 213 214 215 231 #

236 659636.0 82 157 161 175 193 194 195 196 213 231 232 #

236 653031.0 132 141 159 160 177 178 179 195 196 213 214 #

236 602392.0 156 157 175 176 193 194 216 217 218 281 299 #

236 582041.0 81 99 109 117 135 136 137 244 270 271 324 #

237 94527.0 245 246 263 #

237 74717.0 210 228 245 #

238 126696.0 251 266 267 268 #

238 188097.0 251 267 268 269 #

238 185243.0 250 251 268 269 #

238 153539.0 250 266 267 284 #

238 139270.0 264 267 268 283 #

239 88801.0 216 #

240 243082.0 29 46 47 48 #

240 307470.0 47 64 65 82 #

240 253166.0 33 46 62 63 #

240 228548.0 30 47 48 66 #

240 192876.0 29 46 81 275 #

241 70312.0 212 #

242 688305.0 180 181 199 200 216 217 218 234 235 #

242 737904.0 55 56 180 181 182 198 199 200 217 #

242 677768.0 182 198 199 200 201 216 217 218 219 #

242 623909.0 145 162 180 181 198 199 200 218 325 #

242 598217.0 162 163 180 181 199 200 216 218 219 #

242 583066.0 164 181 182 199 200 218 219 220 236 #

242 559846.0 86 103 104 105 199 200 201 218 219 #

242 497991.0 198 216 234 235 252 253 271 289 324 #

242 485345.0 200 216 217 234 235 236 252 253 270 #

242 444817.0 188 206 216 234 235 252 253 270 271 #

243 624207.0 86 87 177 178 189 201 245 247 263 264 283 331 #

243 821642.0 265 266 282 283 284 285 299 301 303 304 317 318 #

243 809926.0 130 148 165 182 183 184 200 201 202 220 222 239 #

243 742740.0 176 177 178 179 195 196 197 214 233 250 286 304 #

243 738128.0 157 158 160 161 176 177 178 179 196 197 214 215 #

243 722483.0 14 32 50 264 265 282 283 284 299 302 306 319 #

243 681274.0 36 54 68 70 71 86 87 88 105 200 201 313 #

243 668102.0 67 68 69 86 87 104 105 106 125 142 160 332 #

243 656410.0 83 201 218 219 236 246 263 264 265 282 299 300 #

243 618124.0 19 137 138 155 220 237 238 247 248 264 281 283 #

244 244136.0 3 266 285 286 #

244 267864.0 286 302 304 305 #

244 250915.0 2 3 19 21 #

244 176097.0 184 203 267 285 #

244 122360.0 155 156 175 266 #

245 141766.0 249 250 266 267 #

245 180608.0 41 266 267 286 #

245 144473.0 215 232 249 250 #

245 134701.0 248 249 266 267 #

246 54031.0 305 #

247 1114731.0 11 12 13 14 15 16 17 30 31 32 33 34 35 49 50 51 52 53 68 154 #

247 1403856.0 11 12 29 30 31 49 50 51 52 90 113 121 129 130 148 149 166 167 234 235 #

247 1256391.0 12 13 14 15 29 30 31 32 46 47 48 50 63 67 80 93 94 112 277 296 #

247 1242463.0 12 13 14 15 16 32 33 34 35 51 52 53 61 62 70 80 98 116 117 308 #

247 1231757.0 8 14 15 16 26 28 29 32 33 34 45 52 53 69 70 71 222 230 304 321 #

247 1218815.0 11 12 13 14 28 29 32 45 48 67 107 124 160 193 218 266 282 283 300 301 #

247 1216589.0 14 15 16 32 33 34 49 50 51 52 57 68 69 70 71 88 89 107 173 227 #

247 1203904.0 0 12 18 19 20 37 38 55 56 57 76 173 174 192 202 204 220 221 238 296 #

247 1157109.0 20 21 34 35 39 52 53 56 57 69 70 71 75 76 88 89 93 94 186 203 #

247 1155006.0 16 33 34 35 51 52 53 70 71 133 150 151 152 170 212 213 214 231 266 312 #

248 549691.0 97 99 116 117 118 119 135 136 137 #

248 720858.0 64 99 100 116 119 254 255 274 291 #

248 709310.0 100 101 117 118 119 136 236 243 254 #

248 665715.0 100 118 119 136 138 139 155 174 192 #

248 563316.0 44 118 119 135 137 156 174 175 271 #

248 562576.0 84 117 118 119 120 121 135 136 140 #

248 538463.0 95 96 97 100 101 116 117 118 134 #

248 505710.0 80 97 98 103 115 117 121 136 137 #

248 468953.0 97 98 99 116 117 134 135 137 154 #

248 445512.0 63 64 65 81 82 98 99 213 240 #

249 438295.0 194 195 213 214 291 308 309 310 #

249 550627.0 177 179 195 196 197 213 239 257 #

249 540419.0 87 160 177 178 195 197 214 233 #

249 477987.0 221 272 273 290 291 292 308 309 #

249 460512.0 154 155 157 174 175 176 177 194 #

249 460351.0 228 229 238 255 273 274 291 309 #

249 423967.0 156 230 271 273 290 291 309 310 #

249 372919.0 133 151 152 212 213 229 230 248 #

249 331950.0 188 204 205 206 224 269 310 327 #

250 784990.0 9 10 11 12 29 280 304 319 320 321 322 323 #

250 900717.0 7 8 9 10 11 12 28 29 45 46 47 309 #

250 803759.0 177 282 284 300 301 302 303 304 318 319 320 321 #

250 797870.0 92 93 145 146 162 164 165 167 261 280 298 314 #

250 779435.0 9 10 11 27 28 29 30 31 32 46 47 247 #

250 778153.0 11 12 28 29 45 46 65 97 124 146 164 165 #

250 748033.0 8 10 11 12 25 26 28 29 46 47 64 136 #

250 739189.0 26 44 45 64 83 84 304 314 320 321 322 323 #

250 676324.0 266 267 268 283 284 286 287 303 304 321 322 323 #

250 667241.0 23 51 52 162 222 223 241 242 286 304 321 322 #

251 621518.0 51 68 69 85 86 87 103 104 105 122 126 139 #

251 762763.0 7 8 33 34 51 52 69 70 86 217 234 235 #

251 754107.0 60 74 75 76 77 85 92 93 94 103 104 275 #

251 737730.0 85 86 87 104 105 117 122 141 142 242 243 262 #

251 704138.0 13 92 109 111 126 128 129 147 165 166 183 202 #

251 686774.0 15 17 34 86 103 104 105 121 122 139 140 157 #

251 668072.0 67 86 87 102 103 104 121 139 157 248 266 296 #

251 660642.0 70 71 86 87 89 104 105 106 107 121 124 242 #

251 631328.0 6 7 31 32 33 50 51 68 69 86 87 323 #

251 608232.0 28 33 50 51 115 132 133 151 152 153 169 170 #

252 92633.0 202 #

253 420004.0 130 148 286 303 304 319 320 321 #

253 532291.0 158 266 284 285 303 304 321 322 #

253 531705.0 223 240 241 257 259 286 287 304 #

253 471383.0 143 269 304 319 320 321 322 323 #

253 462685.0 169 284 286 302 303 316 319 320 #

253 454972.0 251 267 268 269 286 287 304 321 #

253 436087.0 283 284 285 302 303 304 319 320 #

253 390977.0 99 113 114 128 129 130 148 166 #

253 354654.0 79 96 113 129 130 131 148 149 #

254 345056.0 192 209 227 244 #

254 208548.0 174 175 192 209 #

254 202576.0 37 201 244 245 #

254 182760.0 210 227 228 229 #

255 351146.0 208 225 253 270 271 288 290 306 311 #

255 521959.0 14 169 191 192 208 209 225 226 244 #

255 492026.0 37 55 56 142 251 270 271 288 289 #

255 441963.0 141 258 272 288 289 290 291 306 308 #

255 321396.0 242 259 276 293 294 295 310 311 313 #

256 237294.0 2 3 21 #

256 265968.0 3 5 22 #

256 230976.0 1 2 263 #

257 128892.0 166 184 #

257 167376.0 148 166 #

257 107950.0 165 184 #

258 77001.0 230 231 #

258 59371.0 231 250 #

259 742590.0 93 94 111 112 127 128 129 145 146 164 258 275 #

259 850503.0 6 24 41 43 59 106 107 127 128 146 147 164 #

259 807809.0 91 92 93 109 110 126 127 129 145 146 163 326 #

259 807568.0 34 52 239 246 247 258 276 277 296 307 314 325 #

259 787406.0 254 255 256 259 272 273 274 275 276 291 292 293 #

259 756801.0 43 61 90 108 126 127 132 144 145 146 163 164 #

259 753321.0 93 94 111 112 113 127 128 129 130 146 147 148 #

259 721786.0 90 108 109 110 112 113 128 129 130 145 146 147 #

259 707315.0 76 92 93 110 112 126 127 131 144 174 192 283 #

259 671219.0 63 126 128 129 139 144 146 158 159 160 163 182 #

260 388932.0 101 118 119 149 167 #

260 429645.0 123 124 142 166 167 #

260 399332.0 149 166 167 168 186 #

260 364990.0 100 118 119 135 176 #

260 260378.0 76 84 87 101 313 #

260 239207.0 42 100 101 119 120 #

261 220.0 295 #

262 143291.0 39 56 74 #

262 172407.0 21 39 276 #

262 167303.0 55 73 74 #

262 160227.0 36 37 56 #

263 65500.0 209 #

264 44976.0 71 261 #

264 51006.0 261 279 #

265 483906.0 77 94 95 111 112 113 122 #

265 523905.0 75 94 95 96 112 271 289 #

265 472834.0 87 104 105 121 122 169 210 #

265 471877.0 77 78 79 94 95 96 113 #

265 421165.0 78 94 95 110 111 129 146 #

265 387383.0 96 113 114 115 131 132 133 #

265 380016.0 1 77 78 79 95 97 113 #

265 362534.0 110 111 126 127 128 129 130 #

266 889016.0 137 138 139 154 158 180 243 244 245 260 261 262 #

266 863402.0 117 160 164 180 181 182 198 199 200 217 218 234 #

266 754335.0 75 92 110 117 119 243 244 259 260 261 262 279 #

266 750665.0 67 86 87 102 103 104 120 121 122 138 139 307 #

266 744078.0 98 99 101 115 116 117 118 119 120 121 122 137 #

266 695700.0 14 15 32 107 226 227 243 244 245 262 281 299 #

266 694764.0 87 110 242 258 259 260 261 262 276 278 287 305 #

266 683634.0 146 156 165 166 173 183 184 201 202 218 232 262 #

266 676419.0 15 25 42 61 153 154 162 170 171 236 253 282 #

266 672265.0 86 104 105 106 122 140 141 142 158 159 160 202 #

267 58667.0 112 #

268 261391.0 5 24 25 41 42 #

268 387708.0 5 6 7 24 25 #

268 310205.0 22 41 59 60 76 #

268 256996.0 8 10 24 25 42 #

269 77115.0 261 280 #

270 84975.0 119 #

271 165378.0 202 220 238 #

271 155103.0 152 220 237 #

271 114845.0 202 221 238 #

271 102185.0 125 143 238 #

272 402641.0 287 304 305 322 323 #

272 383824.0 286 287 292 305 323 #

272 327021.0 267 286 305 322 323 #

272 321522.0 286 287 303 304 321 #

272 310653.0 24 25 304 305 322 #

272 308548.0 32 33 50 321 322 #

273 113348.0 67 69 86 #

273 145300.0 51 69 123 #

273 124477.0 50 67 68 #

273 60310.0 86 102 103 #

274 494430.0 105 122 175 176 192 193 212 #

274 506138.0 175 192 193 194 212 230 247 #

274 475385.0 159 176 177 192 193 194 211 #

274 399077.0 0 86 87 105 121 122 303 #

274 382011.0 174 189 192 193 208 209 226 #

274 351212.0 101 104 120 121 122 140 176 #

274 324449.0 30 31 195 212 213 229 251 #

274 294277.0 174 175 226 243 245 261 262 #

275 156450.0 166 185 #

275 166373.0 185 203 #

275 152697.0 148 166 #

276 1111149.0 11 12 28 72 73 84 90 91 92 93 102 108 109 110 111 126 127 129 144 145 172 #

276 1367108.0 76 86 93 94 104 110 111 112 126 127 131 144 145 146 147 162 163 164 165 232 329 #

276 1360556.0 3 4 18 19 21 22 36 54 72 73 74 91 92 110 111 126 127 128 129 146 239 #

276 1327520.0 41 58 59 76 90 92 93 108 109 110 111 112 126 127 129 130 175 176 193 194 222 #

276 1325177.0 72 73 77 90 91 93 94 108 109 111 126 127 128 144 145 146 162 183 265 266 284 #

276 1319761.0 6 7 8 24 25 26 72 78 90 91 92 96 109 110 126 127 128 139 158 170 249 #

276 1291068.0 46 47 48 49 64 65 66 67 68 83 84 87 93 105 106 112 113 123 128 129 130 #

276 1276962.0 75 93 94 108 109 110 111 112 113 126 127 128 129 130 131 144 145 146 147 149 168 #

276 1276027.0 4 22 40 57 58 59 75 76 77 93 94 111 112 128 129 130 131 146 149 186 208 #

276 1260546.0 7 72 73 74 76 77 78 79 90 91 95 96 97 98 112 113 115 133 298 315 317 #

277 94466.0 211 #

278 548342.0 114 210 211 228 229 246 248 265 313 #

278 604412.0 47 103 104 247 248 265 266 267 284 #

278 603495.0 90 108 109 209 210 227 229 246 332 #

278 573199.0 228 246 247 248 262 263 264 266 282 #

278 568678.0 229 230 246 247 248 263 265 266 267 #

278 530691.0 175 176 193 194 211 212 228 229 231 #

278 491554.0 103 190 210 228 229 245 246 247 264 #

278 460116.0 216 228 229 246 248 249 265 266 267 #

278 454008.0 28 29 60 152 195 196 208 209 313 #

278 422888.0 96 97 114 115 131 132 133 150 152 #

279 202378.0 75 92 93 #

279 195540.0 92 110 302 #

279 178739.0 75 93 268 #

279 113694.0 74 75 311 #

280 269885.0 14 16 32 33 34 50 51 #

280 397935.0 13 14 15 31 33 88 107 #

280 366461.0 15 17 32 33 34 35 52 #

280 320114.0 30 49 50 51 68 86 155 #

280 290438.0 31 32 33 34 35 50 51 #

280 284319.0 13 31 32 50 51 68 87 #

280 266878.0 14 16 17 32 33 35 83 #

281 343021.0 36 54 55 73 74 307 #

281 337554.0 38 55 72 73 74 266 #

281 333056.0 36 38 55 56 73 295 #

281 329569.0 273 290 291 307 308 309 #

281 309963.0 36 54 55 73 74 92 #

281 258610.0 54 55 56 73 74 75 #

281 184467.0 19 36 54 73 74 289 #

282 90343.0 263 #

283 449887.0 40 41 57 58 59 60 76 224 #

283 575072.0 13 124 142 143 224 243 255 260 #

283 516577.0 40 57 58 59 76 77 95 330 #

283 495723.0 56 57 58 76 294 295 312 313 #

283 450594.0 41 42 56 57 58 59 61 76 #

283 441634.0 39 41 56 58 59 75 76 77 #

283 441515.0 22 41 42 59 60 92 93 110 #

283 419762.0 4 5 23 24 41 42 43 61 #

283 282507.0 37 38 39 40 55 56 57 75 #

284 554727.0 21 38 56 57 74 75 76 92 262 281 #

284 748913.0 21 38 56 57 75 76 92 94 95 195 #

284 745832.0 57 59 76 93 94 95 111 113 114 211 #

284 652408.0 4 21 23 38 265 275 284 285 302 320 #

284 651874.0 23 37 40 56 57 75 76 94 95 183 #

284 578642.0 70 263 281 282 283 299 301 302 318 320 #

284 551316.0 260 261 262 263 264 278 279 281 296 297 #

284 533901.0 1 19 20 36 38 40 54 57 58 76 #

284 510541.0 2 19 20 21 39 56 57 62 63 82 #

284 444491.0 57 73 74 75 91 92 93 98 99 116 #

285 398069.0 284 298 299 301 302 308 319 #

285 467705.0 265 267 283 284 301 302 319 #

285 427112.0 245 263 280 281 282 283 299 #

285 416820.0 47 64 283 284 302 303 321 #

285 367574.0 261 268 279 280 281 298 299 #

285 348088.0 40 264 267 281 283 284 286 #

285 298839.0 254 271 272 273 289 290 308 #

285 246125.0 54 84 141 158 159 301 318 #

286 1524163.0 189 191 192 193 207 208 209 210 226 228 255 270 271 272 274 275 288 289 290 291 292 306 307 308 309 310 329 333 #

286 1927170.0 138 140 155 156 157 159 160 174 175 176 178 192 193 194 195 196 197 209 210 211 212 213 214 230 290 291 307 309 #

286 1877155.0 67 75 76 92 93 118 119 137 138 154 155 156 157 172 173 174 175 176 180 190 191 192 193 194 209 227 247 259 #

286 1806770.0 53 58 71 76 77 91 94 110 111 189 192 207 208 209 210 227 243 244 252 253 262 270 271 274 288 302 306 307 #

286 1742001.0 136 151 153 170 171 187 188 189 205 206 207 208 219 220 221 222 223 224 225 239 241 247 257 263 274 280 285 321 #

286 1702820.0 128 171 173 184 190 200 201 202 203 216 219 220 227 235 252 253 263 270 271 272 273 288 289 290 306 307 308 309 #

286 1678341.0 4 5 6 7 8 24 25 42 43 44 62 193 203 205 219 220 222 238 239 240 252 258 270 288 289 306 308 309 #

286 1660263.0 100 117 118 135 136 137 138 153 154 155 156 160 171 172 173 187 188 189 190 206 207 208 225 226 242 243 260 275 #

286 1583629.0 235 252 253 257 270 271 272 274 276 277 285 286 287 288 289 290 291 294 295 304 305 306 307 308 309 310 322 323 #

286 1580902.0 18 40 47 58 59 77 78 79 80 81 96 97 98 99 112 113 114 115 131 132 133 151 160 263 264 265 327 333 #

287 265946.0 33 39 40 51 52 57 68 #

287 361794.0 33 50 68 87 130 131 147 #

287 358273.0 16 33 34 50 52 88 89 #

288 212689.0 50 67 86 105 #

288 303795.0 87 105 106 107 #

288 205993.0 32 50 51 74 #

288 203122.0 4 68 85 86 #

288 164518.0 48 49 50 67 #

289 135596.0 129 216 #

289 144381.0 7 216 #

289 103307.0 129 130 #

290 25433.0 249 267 #

291 380134.0 281 282 298 299 301 317 318 #

291 481369.0 257 273 274 279 280 291 298 #

291 448968.0 1 60 265 280 282 298 299 #

291 438552.0 1 247 264 283 301 302 320 #

291 412370.0 263 265 266 281 282 283 299 #

291 340427.0 41 42 243 245 261 262 281 #

291 295623.0 18 259 279 281 298 299 317 #

291 273113.0 282 283 290 300 301 318 319 #

292 65656.0 326 #

293 434040.0 298 300 301 316 317 318 #

293 441558.0 277 296 297 298 316 317 #

293 417398.0 107 299 300 301 317 318 #

293 384237.0 283 299 300 302 316 317 #

293 370917.0 297 298 299 315 317 327 #

293 355048.0 232 299 317 318 319 320 #

293 315296.0 50 67 282 299 300 317 #

294 120078.0 121 139 #

294 80412.0 102 121 #

294 80298.0 122 139 #

295 315842.0 183 201 202 218 220 #

295 381023.0 184 200 201 202 219 #

295 373394.0 165 182 183 200 202 #

295 307122.0 117 136 201 220 238 #

295 290474.0 201 219 220 221 238 #

295 276644.0 200 218 219 236 237 #

296 313468.0 10 29 32 178 196 197 #

296 403707.0 11 12 13 15 31 32 #

296 393963.0 161 177 178 196 197 255 #

296 350026.0 29 46 152 153 154 170 #

296 309574.0 9 10 11 27 28 29 #

296 265601.0 177 196 213 252 261 271 #

296 237087.0 78 96 195 197 214 215 #

297 9575.0 128 #

298 132699.0 260 278 #

298 81250.0 241 260 #

299 197627.0 273 292 309 #

299 192075.0 273 274 291 #

299 156776.0 292 309 310 #

299 87883.0 309 310 311 #

300 253751.0 91 108 127 146 #

300 229533.0 129 146 147 165 #

300 213479.0 108 109 173 190 #

300 192858.0 108 109 127 145 #

300 147040.0 40 86 91 108 #

301 114413.0 316 #

302 280243.0 8 25 26 45 #

302 388118.0 6 7 8 26 #

302 322913.0 6 7 8 25 #

302 241991.0 25 26 43 45 #

302 235113.0 26 43 44 275 #

303 153253.0 4 23 #

303 139534.0 23 24 #

303 139286.0 4 5 #

304 188894.0 51 81 98 99 #

304 235764.0 81 98 99 116 #

304 215579.0 99 100 119 120 #

304 176731.0 51 67 69 227 #

304 121431.0 97 98 115 252 #

305 122580.0 106 125 143 #

305 170051.0 125 142 143 #

305 139595.0 106 214 233 #

306 32799.0 215 #

307 172082.0 171 185 #

307 164022.0 170 171 #

307 142626.0 185 203 #

308 558001.0 27 28 44 45 46 64 65 83 #

308 532519.0 45 46 47 48 62 63 64 65 #

308 507910.0 45 46 47 48 64 65 82 83 #

308 503572.0 9 10 11 27 28 46 47 65 #

308 486468.0 7 25 26 45 64 81 102 291 #

308 425659.0 8 25 26 42 43 44 61 78 #

308 379537.0 9 27 28 45 212 229 245 246 #

308 363155.0 29 47 49 64 66 83 84 102 #

308 348714.0 20 22 37 38 39 65 189 268 #

309 507923.0 160 177 178 179 195 196 197 #

309 560466.0 142 161 178 179 196 197 316 #

309 497665.0 176 177 178 179 196 197 214 #

309 492830.0 160 161 178 179 204 302 320 #

309 477511.0 128 160 176 177 178 179 196 #

309 445456.0 177 178 194 195 196 213 214 #

309 429538.0 176 177 194 195 213 214 280 #

309 403169.0 160 178 179 197 215 270 320 #

310 208877.0 16 17 34 155 #

310 293393.0 15 17 34 52 #

310 276757.0 34 51 52 53 #

310 222461.0 16 33 259 291 #

310 202028.0 155 174 191 192 #

311 801487.0 164 248 249 266 267 283 284 285 300 302 304 318 319 323 #

311 973407.0 182 214 248 265 266 267 282 284 285 286 302 303 305 320 #

311 958504.0 6 24 42 43 44 59 179 197 214 233 301 318 319 320 #

311 956484.0 48 76 95 96 248 264 265 266 267 282 283 285 301 318 #

311 886870.0 82 282 283 285 300 301 302 304 305 318 319 320 322 323 #

311 881379.0 97 114 186 199 202 203 204 220 302 303 304 320 321 322 #

311 859010.0 210 229 248 266 267 268 284 285 286 302 303 304 319 320 #

311 811580.0 124 230 232 242 249 250 260 265 266 267 268 278 282 284 #

311 804852.0 177 178 195 196 268 278 286 287 303 304 305 321 322 323 #

311 789303.0 206 225 247 248 250 263 264 265 266 267 268 283 284 285 #

312 67845.0 43 61 #

312 96716.0 42 43 #

313 201034.0 129 208 225 226 326 #

313 229855.0 173 191 208 226 243 #

313 217535.0 196 213 214 215 326 #

313 190628.0 208 225 226 230 247 #

313 104612.0 206 207 208 226 245 #

314 554992.0 101 246 248 249 263 264 265 267 283 284 302 #

314 706269.0 46 65 67 83 84 85 100 101 118 119 136 #

314 692078.0 116 130 133 138 249 265 266 267 284 285 303 #

314 634945.0 105 106 164 181 283 285 301 302 303 318 319 #

314 629622.0 209 224 227 228 229 243 244 246 262 264 302 #

314 623578.0 26 44 81 82 229 246 247 248 263 264 269 #

314 589917.0 232 248 249 266 267 285 300 301 316 317 318 #

314 555997.0 229 246 247 248 249 263 264 265 266 283 284 #

314 554293.0 67 79 84 86 96 97 102 113 118 131 284 #

314 550223.0 21 39 57 135 153 154 170 301 302 303 319 #

315 276202.0 176 194 286 305 #

315 291053.0 190 285 286 304 #

315 273838.0 189 286 287 305 #

315 252532.0 157 175 176 192 #

315 238338.0 157 175 176 194 #

316 637659.0 67 69 84 85 86 100 101 102 206 208 224 226 243 260 261 #

316 907426.0 6 50 68 86 87 104 105 122 123 124 141 158 289 290 291 #

316 895455.0 80 188 206 207 208 209 223 224 241 242 243 258 260 275 278 #

316 868654.0 10 18 36 54 55 188 189 199 200 207 208 225 226 244 270 #

316 840795.0 48 168 169 171 186 187 188 189 205 206 223 224 243 315 316 #

316 811711.0 168 184 186 204 205 206 222 223 224 241 242 243 260 261 278 #

316 796567.0 103 208 226 227 241 242 243 244 245 260 261 279 280 298 315 #

316 793124.0 86 87 101 102 103 104 105 120 121 122 124 139 140 158 159 #

316 760165.0 66 67 68 69 84 85 86 87 101 112 113 119 232 290 308 #

316 742465.0 139 185 189 190 208 209 225 226 242 243 260 272 290 308 312 #

317 354853.0 55 72 73 90 109 #

317 483506.0 72 90 108 127 234 #

317 339726.0 18 37 55 98 250 #

317 334043.0 26 73 92 268 286 #

317 325884.0 91 109 126 127 235 #

318 70165.0 14 #

319 467637.0 146 148 165 166 167 184 #

319 518090.0 148 165 166 167 185 203 #

319 500053.0 148 167 198 200 216 217 #

319 430961.0 148 165 166 182 184 203 #

319 381018.0 130 148 149 165 184 202 #

319 307617.0 184 201 202 203 218 220 #

319 305784.0 106 111 123 128 142 146 #

320 98938.0 188 189 206 #

320 116963.0 189 190 207 #

320 92453.0 169 187 206 #

321 1037568.0 51 77 160 178 179 194 195 196 214 234 252 253 254 270 271 328 333 #

321 1090278.0 108 109 126 127 128 144 152 163 182 205 209 222 226 243 244 262 328 #

321 1086579.0 41 58 76 77 78 80 96 97 98 99 114 116 133 262 264 281 333 #

321 1058181.0 234 235 252 253 254 255 265 266 267 270 271 272 284 286 289 303 321 #

321 1008093.0 142 161 178 179 194 195 196 197 203 211 212 214 229 245 246 247 263 #

321 993574.0 15 34 35 45 49 50 51 52 68 69 70 87 232 242 276 294 312 #

321 979489.0 29 46 47 48 65 66 85 159 160 176 178 179 194 195 196 197 211 #

321 968350.0 26 28 34 39 40 42 43 58 59 60 61 62 75 76 77 94 302 #

321 967784.0 45 47 48 63 64 65 66 81 83 85 177 178 179 194 196 204 221 #

321 925511.0 56 122 124 140 142 143 159 160 161 178 179 195 196 197 213 215 331 #

322 26842.0 20 #

323 159752.0 9 63 #

323 188586.0 8 9 #

323 105385.0 46 63 #

324 34187.0 74 #

325 510356.0 72 90 91 108 109 267 285 #

325 483966.0 7 8 267 285 286 304 305 #

325 460464.0 49 73 90 91 108 109 127 #

325 440079.0 73 74 85 90 91 109 170 #

325 413608.0 51 54 72 73 90 288 306 #

325 398942.0 37 55 72 73 91 108 126 #

325 377474.0 73 74 91 92 108 109 126 #

325 300853.0 103 231 249 250 267 268 285 #

326 219184.0 203 204 221 #

326 300357.0 202 203 204 #

326 213831.0 202 203 221 #

326 171592.0 201 202 221 #

327 26631.0 242 #

328 268064.0 153 154 170 172 188 #

328 369920.0 153 154 171 305 315 #

328 301434.0 134 151 152 153 172 #

328 271891.0 153 154 170 230 231 #

328 180130.0 172 191 192 208 226 #

328 178687.0 170 188 207 209 226 #

329 393358.0 145 174 175 192 193 194 #

329 477836.0 127 144 145 146 162 328 #

329 397764.0 174 192 193 194 213 258 #

329 397597.0 174 175 176 192 193 211 #

329 386775.0 176 194 300 316 317 318 #

329 326291.0 99 174 191 192 193 209 #

329 304862.0 156 175 192 218 237 256 #

330 16760.0 89 #

331 165054.0 291 309 #

331 139789.0 38 309 #

331 130968.0 274 291 #

332 1135760.0 11 29 69 125 166 167 240 246 259 265 277 278 280 281 295 296 297 299 #

332 1356225.0 12 13 19 26 43 44 138 148 149 155 156 157 166 167 168 173 185 186 #

332 1261510.0 160 178 203 204 220 244 261 262 263 279 280 281 297 298 299 315 316 317 #

332 1196827.0 29 199 200 216 217 238 240 242 256 257 258 259 274 276 277 293 294 312 #

332 1133003.0 12 29 31 47 66 238 255 257 258 259 276 278 294 295 296 312 313 314 #

332 1132402.0 49 66 182 200 201 217 219 241 248 258 275 276 277 295 296 312 313 315 #

332 1126878.0 15 153 260 261 262 263 277 278 280 281 296 297 298 299 314 315 316 317 #

332 1104783.0 47 240 262 263 264 279 280 281 283 284 298 299 300 301 302 316 317 318 #

332 1089858.0 209 210 227 228 229 244 245 246 262 263 264 265 279 280 283 284 302 314 #

332 1085472.0 22 180 205 223 238 239 240 241 242 257 258 259 260 274 276 277 295 312 #

333 125872.0 150 169 #

333 132796.0 116 150 #

334 315708.0 26 42 43 44 61 77 78 79 106 #

334 442939.0 6 24 25 26 42 43 44 61 62 #

334 394285.0 42 43 44 60 61 62 224 241 304 #

334 389356.0 41 58 60 61 62 76 77 78 94 #

334 355168.0 43 61 62 79 80 97 98 115 125 #

334 329967.0 24 25 43 44 55 61 252 270 271 #

334 265184.0 43 61 62 78 79 80 81 96 134 #

335 93577.0 22 #

336 318165.0 116 174 192 210 211 #

336 406188.0 210 227 244 262 297 #

336 389062.0 98 99 116 117 118 #

336 284552.0 157 173 174 323 333 #

336 268471.0 155 174 191 192 208 #

336 159890.0 211 212 229 230 246 #

337 853036.0 35 52 69 70 87 104 105 124 256 287 #

337 760661.0 70 88 105 107 130 158 159 160 178 196 #

337 693595.0 27 35 46 47 52 54 55 64 66 70 #

337 667497.0 266 269 284 285 286 287 302 303 304 321 #

337 659401.0 52 69 70 86 87 88 103 104 106 124 #

337 589702.0 87 89 104 105 106 124 125 128 142 143 #

337 542418.0 71 87 88 89 106 107 123 124 125 143 #

337 541502.0 50 67 68 85 86 87 103 104 105 122 #

337 460877.0 17 33 34 35 52 53 71 89 239 240 #

337 443226.0 52 53 69 70 71 89 134 151 228 246 #

338 317655.0 246 263 264 265 282 #

338 370581.0 281 282 296 297 298 #

338 224703.0 212 229 248 265 266 #

338 219406.0 246 264 265 281 299 #

338 219123.0 246 263 264 283 300 #

339 334251.0 98 116 118 135 222 #

339 373000.0 62 118 119 136 137 #

339 304204.0 98 115 116 133 135 #

339 259543.0 221 222 261 278 280 #

339 230499.0 96 97 114 116 117 #

339 216026.0 81 97 98 99 116 #

340 1491673.0 98 99 116 118 119 133 134 137 138 151 152 153 155 156 157 171 173 174 175 202 203 291 329 #

340 1657668.0 110 166 167 182 185 198 199 200 201 202 203 216 217 219 220 235 236 237 238 239 253 254 256 #

340 1558195.0 4 5 10 22 40 153 154 170 171 189 201 202 219 220 238 239 254 255 266 284 285 286 303 #

340 1556426.0 88 94 95 96 111 113 145 147 162 163 164 181 184 198 202 203 220 271 272 273 274 291 292 #

340 1537506.0 7 42 43 44 60 61 62 140 157 174 175 194 211 243 260 265 282 283 300 301 317 318 319 #

340 1523774.0 1 112 113 115 130 131 132 133 146 148 149 165 166 167 183 184 185 201 202 203 220 319 325 #

340 1509134.0 77 78 79 81 98 99 104 115 116 117 130 133 147 148 150 152 164 165 166 182 194 213 231 #

340 1485761.0 18 72 73 79 87 90 92 98 99 100 104 108 109 116 117 133 134 278 296 298 299 315 316 #

340 1471450.0 86 104 105 106 122 123 137 138 139 140 141 156 157 158 174 175 176 192 193 211 212 300 318 #

340 1463987.0 42 43 86 87 118 119 136 137 138 139 141 156 157 158 174 175 192 193 211 221 238 239 255 #

341 62266.0 295 313 #

342 133272.0 10 100 118 #

342 167692.0 118 137 183 #

342 98995.0 10 60 147 #

342 94095.0 77 100 131 #

343 236297.0 22 23 40 41 #

343 343896.0 3 4 5 22 #

343 276617.0 23 40 200 219 #

343 269380.0 22 24 41 217 #

343 171406.0 23 40 221 240 #

344 127078.0 160 328 #

344 131776.0 50 328 #

344 94321.0 141 160 #

345 75742.0 139 #

346 95992.0 72 #

347 26133.0 226 245 #

348 47773.0 28 #

349 153009.0 208 209 227 #

349 166684.0 210 227 229 #

349 162767.0 190 208 209 #

350 110457.0 233 250 #

351 135406.0 2 327 #

351 135057.0 202 327 #

351 125615.0 2 20 #

352 80946.0 232 #

353 589270.0 0 267 285 286 287 303 304 305 322 323 #

353 741472.0 178 193 194 195 196 213 266 267 284 285 #

353 694954.0 12 31 121 139 158 177 193 194 292 322 #

353 668059.0 9 10 24 27 28 29 303 304 322 323 #

353 664731.0 245 262 263 268 279 287 304 305 322 323 #

353 640487.0 267 268 269 284 285 286 287 302 304 319 #

353 596643.0 70 124 267 286 303 304 305 321 322 323 #

353 581086.0 265 266 283 284 302 303 304 305 321 322 #

353 489191.0 191 209 210 249 250 267 286 304 305 322 #

353 437730.0 0 1 2 19 20 21 38 39 40 56 #

354 73151.0 32 33 128 #

354 56898.0 14 33 51 #

355 89685.0 99 116 #

355 89292.0 99 286 #

356 109576.0 304 321 #

357 42555.0 186 #

358 148709.0 40 59 #

358 203752.0 58 59 #

358 127353.0 22 40 #

359 473373.0 53 69 70 271 272 288 306 #

359 465470.0 235 252 253 254 255 271 290 #

359 462252.0 52 70 71 88 89 161 179 #

359 455710.0 47 67 69 85 86 180 198 #

359 434557.0 53 130 131 147 149 167 168 #

359 350944.0 82 99 253 271 288 306 307 #

359 350726.0 235 253 270 271 288 289 290 #

359 237273.0 235 252 253 272 273 292 295 #

360 91005.0 83 84 101 #

360 130373.0 64 82 101 #

360 108906.0 84 85 86 #

361 137582.0 11 28 #

361 186212.0 11 182 #

361 84293.0 28 46 #

362 252032.0 20 159 160 176 177 178 #

362 367439.0 2 20 21 38 39 56 #

362 343382.0 140 159 177 178 179 196 #

362 297299.0 159 177 178 193 194 212 #

362 295000.0 158 159 177 196 212 213 #

362 289018.0 174 175 176 177 178 194 #

363 265695.0 167 168 185 202 #

363 297109.0 119 185 202 209 #

363 283221.0 185 201 202 203 #

363 282433.0 148 167 216 234 #

363 232459.0 7 168 185 186 #

364 416249.0 188 204 205 206 223 224 225 #

364 500449.0 104 203 205 222 223 262 325 #

364 479433.0 186 188 203 204 205 206 223 #

364 442838.0 5 22 72 205 206 223 224 #

364 412119.0 188 189 202 206 221 222 223 #

364 401882.0 205 222 223 241 242 258 260 #

364 354066.0 169 170 187 188 189 205 206 #

364 274386.0 151 170 189 190 191 208 225 #

365 99166.0 260 261 #

365 122065.0 44 261 #

365 102228.0 241 260 #

366 109715.0 145 162 181 #

366 121785.0 144 145 164 #

366 113330.0 11 181 197 #

367 103859.0 164 181 #

367 101774.0 181 198 #

368 1154952.0 24 25 35 42 98 236 237 245 252 253 254 255 256 258 270 271 272 273 274 275 291 293 328 #

368 1695709.0 4 5 6 7 24 25 42 75 76 93 94 126 249 250 268 269 285 286 287 301 302 305 330 #

368 1646531.0 9 91 92 166 174 178 179 192 196 209 238 265 273 283 284 285 286 290 291 302 303 309 320 #

368 1573559.0 8 9 10 27 45 103 122 127 140 144 145 222 239 241 256 257 258 259 260 274 275 276 278 #

368 1503639.0 101 102 119 120 138 139 140 155 156 157 158 159 175 192 199 210 211 217 218 236 237 256 301 #

368 1449632.0 6 8 24 25 41 42 43 44 59 60 61 62 77 88 123 124 142 159 192 210 227 238 331 #

368 1388459.0 164 219 220 236 237 240 253 254 255 256 257 270 271 272 273 274 288 290 291 308 309 321 322 #

368 1370110.0 99 100 103 116 234 235 236 252 253 254 255 270 271 272 273 274 288 289 290 291 307 308 309 #

368 1357506.0 163 181 196 198 200 213 217 218 219 234 235 236 252 253 254 255 270 271 272 273 290 291 294 #

368 1309710.0 79 81 98 149 168 186 187 203 204 218 219 220 221 236 237 238 239 254 257 281 288 298 326 #

369 87374.0 27 #

370 39278.0 25 #

371 30105.0 225 #

372 85575.0 280 298 #

372 99259.0 280 299 #

372 69108.0 279 298 #

114 386585.0 109 127 144 263 282 299 #

114 399456.0 127 129 146 155 156 174 #

114 377074.0 265 266 267 282 285 299 #

114 374974.0 90 108 109 126 144 145 #

114 361685.0 108 109 110 126 127 250 #

114 355784.0 281 297 298 299 315 325 #

373 293876.0 101 107 124 125 141 #

373 390060.0 105 124 125 141 142 #

373 370198.0 105 123 124 141 142 #

373 323102.0 85 86 104 105 125 #

373 263079.0 89 107 172 173 191 #

373 252734.0 82 93 94 100 101 #

374 532673.0 4 22 23 40 41 42 58 59 288 318 #

374 681273.0 13 286 297 298 300 301 315 316 317 318 #

374 563918.0 3 21 22 39 40 56 57 59 75 92 #

374 551380.0 23 24 104 105 120 121 124 139 248 308 #

374 544349.0 4 22 23 40 56 57 74 75 93 248 #

374 544228.0 39 56 57 58 74 75 77 95 306 307 #

374 538151.0 22 40 41 57 58 59 75 76 93 243 #

374 511939.0 3 4 21 22 39 135 141 159 160 178 #

374 469674.0 4 23 42 235 236 237 252 254 270 271 #

374 456754.0 84 253 254 255 272 273 288 289 290 291 #

375 249450.0 161 201 202 #

375 238136.0 183 200 202 #

375 227419.0 201 219 220 #

375 208012.0 160 161 178 #

376 185435.0 128 256 273 274 290 #

376 247895.0 58 111 128 147 165 #

376 240192.0 145 253 271 272 273 #

376 233052.0 270 273 288 289 290 #

377 73454.0 47 66 #

377 72036.0 66 83 #

378 570454.0 14 15 52 93 113 114 115 #

378 514848.0 76 93 94 95 110 111 112 #

378 472880.0 14 15 32 33 50 51 52 #

378 431749.0 113 114 115 133 134 151 152 #

378 425995.0 13 14 31 32 33 50 222 #

378 360500.0 34 35 42 51 52 69 87 #

378 309636.0 96 97 115 220 237 238 239 #

378 277758.0 67 86 96 113 131 132 263 #

379 65555.0 154 #

380 565688.0 97 116 133 134 150 151 153 154 169 170 187 #

380 745724.0 80 97 98 115 132 133 150 198 216 217 236 #

380 710704.0 113 171 187 188 189 190 205 206 207 252 254 #

380 661408.0 86 97 114 132 133 150 151 169 187 188 207 #

380 647059.0 123 141 142 151 158 159 169 170 171 190 292 #

380 634049.0 154 155 171 172 190 191 207 209 224 226 245 #

380 633684.0 68 86 105 106 107 151 169 170 187 188 258 #

380 621886.0 116 133 134 144 151 164 165 166 169 182 184 #

380 621454.0 96 113 114 115 132 133 150 152 153 178 273 #

380 619748.0 0 27 114 132 133 134 151 279 280 297 298 #

381 175858.0 163 180 181 #

381 213845.0 144 163 182 #

381 200476.0 85 86 180 #

381 198108.0 162 181 200 #

382 301418.0 268 285 286 305 #

382 326288.0 268 269 286 287 #

382 278571.0 267 269 285 286 #

382 212035.0 58 266 267 285 #

383 349240.0 153 170 171 189 190 191 #

383 429660.0 157 175 191 192 193 209 #

383 376849.0 137 154 156 170 171 189 #

383 372543.0 153 170 171 188 294 311 #

383 349594.0 5 133 151 152 170 189 #

383 344367.0 170 171 187 188 189 206 #

383 323671.0 190 209 226 243 307 308 #

384 28044.0 73 #

385 275898.0 190 191 192 209 #

385 293196.0 173 175 191 192 #

385 191629.0 209 210 226 229 #

385 187381.0 172 189 190 191 #

385 164568.0 161 174 190 191 #

386 213404.0 99 117 287 #

386 228855.0 117 119 136 #

386 185478.0 268 286 287 #

386 105952.0 82 99 116 #

387 696381.0 37 55 56 57 58 72 73 74 75 76 92 93 #

387 803688.0 59 60 72 76 77 91 92 93 94 110 111 333 #

387 786141.0 27 44 59 60 61 75 76 92 93 110 111 129 #

387 716318.0 4 21 22 23 39 40 55 56 57 59 75 112 #

387 710012.0 54 56 73 74 75 92 93 94 110 121 140 159 #

387 668377.0 73 92 93 108 109 110 111 112 129 210 272 316 #

387 649761.0 19 38 55 56 57 74 75 93 111 116 133 150 #

387 635724.0 2 20 21 36 38 55 56 73 74 75 91 110 #

387 629709.0 41 57 58 76 77 78 79 95 96 232 250 267 #

387 601447.0 54 72 73 74 90 91 92 108 109 110 318 319 #

388 158619.0 77 107 #

388 157281.0 106 107 #

388 141093.0 77 318 #

389 128147.0 257 273 275 292 #

389 179479.0 81 165 182 273 #

389 173952.0 227 257 275 292 #

389 94298.0 274 275 292 293 #

390 209146.0 247 248 266 275 283 #

390 282102.0 257 275 276 293 318 #

391 237470.0 114 131 153 172 #

391 302003.0 151 152 153 170 #

391 269374.0 172 173 191 322 #

391 189733.0 96 114 115 131 #

391 153640.0 79 97 114 131 #

392 296621.0 270 271 272 288 289 #

392 286109.0 270 272 273 288 289 #

392 269367.0 272 273 289 290 308 #

392 256896.0 252 271 272 290 291 #

392 250164.0 271 289 290 308 327 #

392 235495.0 236 253 270 272 291 #

393 227673.0 53 70 269 #

393 215999.0 34 52 53 #

393 197644.0 269 286 287 #

393 160591.0 69 70 87 #

394 186416.0 277 295 296 314 315 #

394 220934.0 51 258 261 277 278 #

394 202610.0 9 11 29 295 312 #

395 231487.0 222 238 239 257 #

395 236037.0 67 241 257 258 #

395 213721.0 238 239 257 276 #

395 185023.0 221 222 241 258 #

395 133593.0 221 238 240 257 #

396 344971.0 62 63 80 81 98 115 117 #

396 498788.0 9 27 28 45 46 63 190 #

396 440045.0 78 79 80 81 98 99 247 #

396 399135.0 96 98 113 114 115 131 133 #

396 392491.0 21 26 43 60 61 62 80 #

396 375058.0 43 62 63 64 83 250 267 #

396 363402.0 62 80 81 98 99 115 118 #

396 245093.0 82 99 116 117 118 134 135 #

397 81868.0 304 #

398 84351.0 258 #

399 471860.0 125 226 242 243 244 260 262 332 #

399 531261.0 152 181 183 200 201 218 219 332 #

399 509588.0 73 243 244 245 261 263 264 280 #

399 481513.0 125 142 159 160 161 318 319 320 #

399 451836.0 25 72 73 245 246 262 263 282 #

399 438749.0 224 242 243 244 261 303 321 333 #

399 409874.0 28 45 226 241 243 260 261 262 #

399 342510.0 224 241 242 259 260 276 277 278 #

399 260533.0 41 189 192 206 207 209 226 261 #


