6

85

332

138

0 116841.0 50 #

1 74744.0 61 #

2 25718.0 28 #

3 132350.0 19 28 #

3 120620.0 10 19 #

3 85672.0 28 29 #

4 7754.0 19 #

5 39308.0 67 #

6 137291.0 26 #

7 178339.0 67 68 #

8 170055.0 59 68 #

9 73481.0 41 #

10 258604.0 19 27 28 36 #

10 351982.0 10 18 27 28 #

10 308476.0 2 10 11 19 #

11 91647.0 10 #

12 536143.0 1 2 10 11 16 19 26 #

12 633847.0 1 2 10 11 18 19 38 #

12 604850.0 1 2 9 10 18 19 20 #

12 551258.0 0 1 9 10 18 19 27 #

12 511441.0 9 18 19 20 21 65 66 #

12 502325.0 1 2 13 22 23 31 32 #

12 475446.0 7 15 16 24 26 34 35 #

12 330164.0 3 13 16 22 23 24 33 #

13 41058.0 47 #

14 109804.0 33 #

15 124522.0 11 #

16 48392.0 59 #

17 379582.0 18 19 27 29 #

17 415979.0 10 18 27 36 #

17 365260.0 18 19 29 54 #

17 353219.0 9 19 27 29 #

17 244809.0 28 29 38 47 #

18 202027.0 20 21 #

18 242108.0 21 22 #

18 172355.0 19 20 #

19 445531.0 1 10 11 12 18 19 #

19 622367.0 9 10 11 18 19 27 #

19 559948.0 10 11 12 18 19 28 #

19 542329.0 1 10 11 18 19 21 #

19 496606.0 10 19 27 28 37 52 #

19 379190.0 9 10 19 28 29 37 #

19 191395.0 3 4 11 12 13 21 #

20 311806.0 16 25 26 34 #

20 307822.0 25 26 34 35 #

20 274127.0 14 15 24 34 #

20 258658.0 15 16 25 34 #

20 110917.0 16 24 25 45 #

21 164890.0 15 23 #

21 163725.0 15 24 #

21 100472.0 17 23 #

22 97771.0 38 #

23 310854.0 69 77 78 79 #

23 378498.0 77 78 79 80 #

23 353996.0 71 78 79 80 #

23 337628.0 70 71 78 79 #

23 290963.0 68 69 70 78 #

24 107033.0 62 71 #

24 103728.0 71 79 #

25 130719.0 8 16 17 #

25 150054.0 15 16 25 #

26 64881.0 55 #

27 99858.0 73 #

28 292098.0 64 65 74 #

28 255186.0 65 73 74 #

28 244704.0 18 27 65 #

28 240013.0 64 65 72 #

29 154375.0 20 21 #

29 150288.0 13 21 #

29 123799.0 20 33 #

30 72259.0 48 #

31 233975.0 77 78 #

31 252385.0 68 77 #

31 154467.0 69 78 #

32 205438.0 0 2 9 10 #

32 298543.0 2 6 11 15 #

32 206767.0 0 44 53 61 #

32 186186.0 10 19 20 21 #

33 85557.0 43 44 #

34 140596.0 36 #

35 148583.0 28 36 #

36 287834.0 27 28 29 36 37 38 39 #

36 315334.0 21 30 38 39 48 49 58 #

36 302334.0 19 20 28 29 36 37 53 #

36 276467.0 28 29 38 39 46 47 56 #

36 270541.0 19 20 27 28 29 36 37 #

36 218515.0 19 29 37 39 45 46 55 #

37 147722.0 16 24 25 #

37 206428.0 23 24 32 #

38 124672.0 24 32 #

38 149256.0 23 32 #

39 93654.0 25 #

40 113376.0 57 58 #

40 73768.0 57 65 #

41 136935.0 76 #

42 559496.0 55 56 64 65 66 #

42 491154.0 48 56 64 65 74 #

42 420958.0 55 56 65 66 75 #

42 376206.0 27 28 38 46 55 #

42 371269.0 27 63 64 72 73 #

42 224949.0 57 65 66 74 75 #

43 109637.0 68 #

44 111504.0 84 #

45 95085.0 51 59 #

45 118711.0 58 59 #

45 86674.0 42 51 #

46 40320.0 15 #

47 120293.0 21 #

48 79443.0 66 67 #

48 118995.0 65 66 #

48 70741.0 67 75 #

49 114882.0 33 34 #

49 71965.0 24 33 #

50 129972.0 3 12 #

50 121282.0 3 13 #

51 274632.0 64 65 66 #

51 221641.0 31 63 64 #

51 202551.0 65 66 74 #

52 54457.0 34 #

53 187409.0 68 77 #

53 144852.0 65 68 #

54 61441.0 19 28 #

55 135403.0 22 23 #

55 138000.0 23 32 #

55 115392.0 22 31 #

56 179611.0 60 68 #

56 239581.0 68 77 #

56 185552.0 50 60 #

57 187232.0 22 23 31 #

57 241317.0 31 40 49 #

57 129326.0 10 22 31 #

58 118967.0 73 74 #

59 96930.0 74 #

60 60508.0 17 #

61 165295.0 72 73 #

61 145882.0 63 72 #

62 239796.0 55 56 65 75 #

62 289321.0 18 27 56 65 #

62 237337.0 27 37 46 55 #

63 111689.0 46 #

64 137291.0 0 #

65 58280.0 69 #

66 30734.0 30 #

67 107996.0 7 #

68 199271.0 38 39 #

68 246355.0 7 38 #

68 192225.0 30 39 #

69 156248.0 20 29 #

69 179223.0 19 20 #

70 139399.0 18 #

71 280236.0 19 28 36 #

71 270262.0 27 36 37 #

71 256773.0 19 27 37 #

71 226285.0 19 20 28 #

72 96856.0 22 23 #

73 35989.0 24 #

74 237626.0 4 5 61 62 #

74 315614.0 4 5 6 14 #

74 260468.0 53 62 70 78 #

74 251528.0 61 62 70 78 #

75 97742.0 14 15 #

75 95364.0 5 14 #

75 49824.0 15 16 #

76 137952.0 2 10 #

76 74124.0 10 11 #

77 177051.0 55 64 65 #

77 155004.0 46 55 65 #

77 113785.0 25 64 72 #

78 59823.0 65 #

79 206730.0 0 9 45 #

79 181036.0 0 41 42 #

80 112386.0 44 52 #

80 120671.0 35 44 #

81 123726.0 13 21 22 #

81 138014.0 3 13 22 #

82 102995.0 4 5 #

83 299426.0 0 9 18 27 #

83 251751.0 2 9 10 18 #

83 212526.0 19 27 29 37 #

83 198856.0 0 9 37 52 #

83 108997.0 9 10 13 22 #

84 160633.0 58 59 60 #

85 44253.0 23 #

86 180083.0 9 18 19 #

86 193324.0 18 19 27 #

86 192412.0 18 19 20 #

86 150611.0 9 18 24 #

87 133357.0 65 74 #

87 148564.0 65 73 #

88 108529.0 80 #

89 109195.0 83 #

90 393836.0 68 77 78 #

90 331794.0 77 78 79 #

90 297513.0 58 68 77 #

91 341176.0 5 6 15 #

91 340650.0 10 15 18 #

91 243950.0 4 5 6 #

91 231984.0 4 5 80 #

92 388272.0 51 52 58 59 #

92 390413.0 10 18 27 51 #

92 374532.0 51 59 60 68 #

92 330600.0 49 50 57 58 #

92 161959.0 42 43 44 52 #

93 270669.0 18 19 27 28 29 #

93 380766.0 19 20 28 36 38 #

93 362490.0 28 29 37 38 46 #

93 312900.0 20 27 28 29 36 #

93 268306.0 27 28 29 37 46 #

93 219011.0 9 10 11 13 18 #

94 88200.0 22 #

95 282257.0 14 34 35 42 43 #

95 316625.0 5 6 14 15 16 #

95 305226.0 32 33 34 43 52 #

95 299609.0 7 21 35 42 43 #

95 268648.0 23 32 33 42 43 #

96 215129.0 10 11 #

96 166049.0 11 21 #

97 36045.0 81 #

98 203605.0 19 20 28 #

98 266484.0 19 28 38 #

98 252303.0 11 20 21 #

98 154237.0 19 28 29 #

99 48208.0 16 #

100 268879.0 16 24 25 26 #

100 303756.0 6 15 24 69 #

100 302143.0 7 16 25 26 #

100 293029.0 15 16 25 35 #

100 274289.0 26 35 44 52 #

101 137447.0 63 64 #

102 93400.0 3 4 12 #

102 114667.0 4 5 12 #

103 129575.0 70 #

104 133440.0 53 61 #

104 180192.0 60 61 #

105 142238.0 64 71 #

105 141807.0 64 73 #

106 138807.0 20 28 #

106 124151.0 20 29 #

106 82857.0 8 28 #

107 103611.0 24 32 #

108 329652.0 24 25 32 34 #

108 295570.0 22 24 31 32 #

108 286734.0 15 16 17 25 #

108 170018.0 24 33 34 76 #

108 90964.0 24 33 66 67 #

109 131236.0 7 16 #

110 177659.0 54 55 #

110 155425.0 54 63 #

111 532449.0 53 57 58 62 68 71 76 77 #

111 605903.0 50 51 59 67 68 69 76 77 #

111 561985.0 44 53 61 62 68 69 70 71 #

111 524200.0 4 51 60 61 62 68 70 71 #

111 448317.0 41 50 51 58 59 60 67 68 #

111 418649.0 64 65 66 67 68 74 75 76 #

111 378778.0 8 58 60 66 67 68 69 77 #

111 318187.0 2 10 44 52 53 65 73 74 #

111 199636.0 48 50 55 57 58 65 66 67 #

112 183121.0 71 79 #

113 156698.0 38 46 #

114 198417.0 3 13 21 #

114 218290.0 3 13 68 #

114 161215.0 3 12 13 #

114 135829.0 21 22 31 #

115 84888.0 44 #

116 62092.0 75 #

117 245760.0 8 16 17 #

117 302903.0 16 17 26 #

117 293580.0 5 8 14 #

117 265722.0 15 16 24 #

118 90293.0 32 37 #

118 50587.0 28 37 #

112 151773.0 62 71 #

119 26408.0 12 #

120 207116.0 21 30 #

120 110986.0 30 39 #

121 32609.0 52 #

122 203693.0 8 17 #

122 235800.0 16 17 #

123 422463.0 54 63 64 65 72 73 #

123 536095.0 56 64 65 68 72 73 #

123 470059.0 38 54 55 63 64 73 #

123 428839.0 40 49 50 64 72 73 #

123 416499.0 24 45 54 55 63 64 #

123 410700.0 54 55 63 64 65 72 #

123 365663.0 63 64 65 72 73 74 #

124 205301.0 58 67 68 #

124 219987.0 50 58 59 #

124 204126.0 59 60 68 #

124 158787.0 66 67 75 #

125 391812.0 10 11 40 50 #

125 380529.0 50 59 60 68 #

125 233966.0 11 13 21 30 #

125 200467.0 9 10 18 19 #

125 157327.0 9 23 39 40 #

126 373274.0 40 49 50 58 59 68 #

126 413666.0 5 6 58 60 67 68 #

126 363527.0 31 38 39 40 49 59 #

126 361079.0 39 51 58 59 60 61 #

126 281735.0 38 39 40 48 49 57 #

126 206545.0 41 42 49 50 58 67 #

127 236228.0 49 50 59 #

127 206034.0 39 48 49 #

127 124648.0 16 41 50 #

127 114731.0 42 51 59 #

128 277000.0 25 35 43 44 #

128 334619.0 19 25 26 35 #

128 327508.0 15 25 26 35 #

128 197266.0 35 43 44 52 #

128 139647.0 35 43 52 61 #

129 224372.0 56 65 73 #

129 259640.0 64 65 73 #

129 244783.0 72 73 74 #

129 192040.0 39 48 56 #

130 189050.0 12 13 21 #

130 184227.0 13 20 21 #

130 79162.0 3 12 13 #

131 119624.0 45 54 #

131 118334.0 54 55 #

132 211672.0 32 76 #

132 200694.0 24 32 #

132 200349.0 68 76 #

133 120572.0 38 48 56 57 #

133 152552.0 50 51 57 58 #

134 213463.0 68 75 76 #

134 217241.0 58 68 69 #

134 93636.0 65 75 76 #

135 109657.0 35 44 #

135 139799.0 25 35 #

136 75264.0 49 #

137 158768.0 77 78 #

137 189794.0 68 77 #

137 182835.0 78 79 #


