7.5

92

221

142

0 252926.0 79 80 #

1 217434.0 20 21 #

2 169239.0 24 58 #

2 198916.0 15 24 #

3 120821.0 88 #

4 140044.0 41 50 59 #

4 153720.0 41 50 68 #

5 360127.0 17 26 35 #

5 465726.0 7 8 17 #

6 141922.0 71 #

7 269357.0 14 15 19 23 24 #

7 327493.0 14 22 23 24 25 #

8 110524.0 55 #

9 78914.0 44 #

10 365728.0 50 58 59 67 68 #

10 541169.0 24 25 35 39 59 #

11 111895.0 51 60 #

12 426805.0 59 60 68 #

13 212113.0 67 70 79 #

14 130712.0 72 #

15 224837.0 69 70 78 #

15 272073.0 69 77 78 #

16 431483.0 45 54 55 #

16 495548.0 55 64 65 #

17 446517.0 55 64 72 73 #

17 398836.0 64 65 72 73 #

18 123384.0 5 #

19 687916.0 10 19 20 33 36 50 58 59 67 68 76 #

19 927837.0 30 31 39 40 48 49 50 58 59 68 69 #

20 89900.0 83 #

21 178001.0 25 #

22 311053.0 54 55 91 #

22 263339.0 54 55 56 #

23 55601.0 60 #

24 247392.0 61 62 #

24 217908.0 62 71 #

25 110319.0 37 #

26 240654.0 49 58 #

26 247445.0 58 67 #

27 265497.0 16 17 #

27 185472.0 16 25 #

28 40855.0 86 #

29 115582.0 4 #

30 147022.0 8 #

31 230149.0 52 53 #

32 565106.0 1 2 3 10 11 12 13 #

32 645400.0 0 1 2 3 10 11 19 #

33 145779.0 53 #

34 219829.0 64 86 #

35 93251.0 89 #

36 124691.0 7 #

37 184582.0 40 41 54 #

37 210094.0 31 40 49 #

38 372088.0 13 14 17 23 24 25 26 #

38 505313.0 7 8 16 24 25 36 45 #

39 105170.0 51 #

40 115362.0 20 #

41 207807.0 10 14 15 #

41 270134.0 2 10 11 #

42 769679.0 7 8 14 15 16 17 25 #

42 754691.0 6 7 8 15 16 17 86 #

43 237368.0 12 13 #

43 244390.0 13 22 #

44 137299.0 64 #

45 104799.0 45 #

46 380503.0 41 42 45 51 #

46 334614.0 42 43 51 52 #

47 7293.0 56 #

48 213220.0 37 45 46 #

48 316832.0 37 46 47 #

49 151341.0 34 42 43 52 65 #

49 210293.0 32 33 34 43 74 #

50 347737.0 9 18 27 28 #

50 428379.0 0 1 9 18 #

51 74990.0 61 #

52 798469.0 5 36 37 38 39 40 64 85 #

52 718132.0 27 36 37 38 45 46 54 61 #

53 179783.0 82 #

54 44335.0 34 #

55 174518.0 33 #

56 436901.0 3 53 65 87 #

57 41195.0 66 #

58 54341.0 12 #

59 76661.0 68 #

60 171638.0 61 62 71 #

60 204514.0 62 70 71 #

61 136023.0 13 #

56 570886.0 13 53 62 71 #

62 148784.0 21 22 31 40 #

63 146338.0 70 #

64 287756.0 9 10 18 27 #

64 423816.0 18 20 27 28 #

65 287045.0 64 73 85 #

65 372220.0 63 64 65 #

66 204809.0 11 12 20 28 #

66 279998.0 19 24 25 28 #

67 174942.0 10 #

68 20906.0 48 #

69 339701.0 0 20 29 38 39 40 #

69 478133.0 38 39 40 46 47 48 #

70 362662.0 43 72 73 #

70 372986.0 64 72 73 #

71 224843.0 20 88 #

71 191350.0 20 86 #

72 227088.0 12 13 #

12 315233.0 8 39 68 #

73 67362.0 78 79 #

74 129284.0 17 30 #

74 131044.0 8 17 #

75 124783.0 18 #

76 131112.0 87 #

77 171987.0 27 69 #

77 225495.0 18 27 #

78 142953.0 67 #

79 234630.0 72 73 #

79 279898.0 8 73 #

80 392111.0 59 68 69 #

80 370071.0 24 59 68 #

81 454789.0 53 61 62 #

81 398452.0 2 61 62 #

82 362126.0 21 30 48 56 57 66 67 72 75 #

82 455003.0 9 18 48 49 57 58 59 68 69 #

83 104095.0 9 #

84 228429.0 72 73 #

84 146969.0 64 73 #

85 77964.0 77 #

86 452261.0 23 32 33 40 41 #

86 473407.0 33 42 43 51 57 #

87 179301.0 20 21 30 #

87 151346.0 21 30 39 #

88 117229.0 40 #

89 210817.0 58 66 67 #

89 280025.0 66 67 75 #

90 187240.0 45 46 47 54 55 #

90 240044.0 46 55 56 57 64 #

1 217828.0 19 20 #

91 58541.0 41 #

92 193828.0 25 43 51 52 #

92 289476.0 19 24 25 28 #

93 233175.0 15 16 25 #

93 215242.0 13 14 15 #

94 104015.0 59 #

95 82920.0 58 #

96 367674.0 22 30 31 39 40 41 #

96 512502.0 22 31 40 41 49 50 #

97 83349.0 34 43 #

97 67176.0 43 52 #

98 320729.0 1 7 8 28 #

98 459702.0 7 8 16 17 #

99 203341.0 18 19 28 #

99 230929.0 15 19 28 #

100 309182.0 42 51 60 #

100 225640.0 60 69 77 #

101 292208.0 6 7 8 17 90 #

101 388445.0 6 7 8 15 87 #

102 170347.0 45 54 63 #

102 172080.0 54 63 64 #

103 70544.0 57 #

104 53808.0 30 #

105 123595.0 26 35 #

105 95527.0 17 26 #

106 209925.0 0 1 84 #

106 177110.0 0 9 79 #

107 161555.0 13 30 68 #

108 123962.0 6 #

109 158472.0 0 9 #

110 52506.0 29 #

111 316287.0 55 64 73 #

111 342381.0 73 74 76 #

112 40886.0 26 #

113 170109.0 22 23 38 47 #

113 227554.0 13 22 23 32 #

114 182493.0 33 42 #

115 221229.0 19 22 26 31 40 #

115 325752.0 2 10 11 12 31 #

116 16093.0 1 #

117 181593.0 51 60 #

117 81477.0 12 60 #

118 278538.0 14 22 23 31 #

118 347736.0 5 14 15 16 #

119 246622.0 27 36 49 #

119 255850.0 27 28 37 #

120 94118.0 60 69 #

121 190328.0 50 58 59 68 #

121 251089.0 50 58 59 60 #

122 562289.0 10 11 20 28 29 37 38 45 46 47 #

122 667523.0 9 10 18 19 27 28 36 37 45 46 #

123 163788.0 3 4 12 21 #

123 198896.0 3 10 11 12 #

124 128125.0 77 78 #

124 106475.0 78 79 #

125 66117.0 27 #

126 16931.0 43 52 #

127 188000.0 45 46 #

127 234624.0 36 45 #

128 102284.0 39 48 #

128 116253.0 48 49 #

129 21304.0 69 #

130 73190.0 28 #

131 409123.0 60 61 62 #

131 333945.0 61 62 70 #

132 335114.0 52 53 67 #

132 402759.0 52 53 61 #

133 232777.0 53 75 76 #

133 38866.0 75 76 86 #

134 164071.0 48 56 57 #

134 66919.0 41 47 56 #

135 126213.0 20 29 #

135 57146.0 20 83 #

136 356036.0 2 3 11 12 #

136 472315.0 2 3 11 37 #

137 367309.0 2 3 4 9 10 #

137 436281.0 0 1 2 9 10 #

138 303214.0 32 33 65 66 75 76 89 #

138 447585.0 15 24 32 33 42 43 51 #

139 412068.0 28 37 63 64 #

139 452029.0 28 36 37 45 #

140 126336.0 12 21 #

140 160453.0 21 22 #

141 338525.0 70 71 79 #

141 337930.0 17 61 70 #


