9

298

440

159

0 1225027.0 13 14 15 16 21 22 29 38 39 40 54 55 72 73 89 171 172 188 276 #

0 1792073.0 6 23 24 42 60 153 154 170 171 187 188 189 204 205 211 223 224 240 241 #

0 1670301.0 12 13 14 26 27 28 29 30 31 42 43 44 45 46 47 48 60 63 65 #

1 2681522.0 17 34 35 51 52 195 198 201 202 212 213 214 215 216 217 219 232 233 236 237 245 246 250 253 254 262 268 278 279 280 #

1 3311517.0 108 109 110 121 122 123 124 125 126 140 141 142 158 160 161 178 179 180 187 188 194 195 196 197 198 212 213 214 229 246 #

1 2898373.0 33 48 49 50 64 65 66 79 80 81 82 83 97 98 181 182 183 199 201 202 203 212 217 218 219 220 230 236 237 246 #

2 1416231.0 48 195 210 211 212 226 227 228 229 230 241 242 243 244 245 246 248 259 260 261 297 #

2 1802618.0 65 82 178 193 195 196 198 209 210 211 212 213 214 226 227 228 229 230 242 244 245 #

2 1759394.0 12 26 27 43 44 46 100 140 156 178 195 196 210 211 212 213 227 228 243 244 260 #

3 19655.0 137 #

4 1212993.0 53 69 85 86 97 102 103 104 105 112 113 114 119 122 127 128 129 130 136 146 147 #

4 1667878.0 14 30 46 47 76 78 85 86 88 92 103 104 105 117 121 122 138 155 171 172 188 #

4 1665337.0 112 113 114 116 125 127 128 129 130 132 143 144 145 146 147 148 161 162 163 164 165 #

5 30240.0 232 233 #

6 6254160.0 12 13 14 15 30 31 41 47 48 58 59 60 65 66 75 76 77 81 91 92 93 94 95 96 97 98 99 109 110 111 112 113 114 115 116 124 125 126 127 128 129 130 131 132 133 141 142 143 144 145 146 147 148 150 157 158 159 160 161 162 163 164 165 166 167 176 177 178 179 180 181 182 183 193 194 195 196 197 198 199 209 211 212 213 217 232 233 234 235 250 251 252 268 269 282 283 285 #

6 7342391.0 10 11 26 27 28 43 44 45 58 59 60 61 62 63 64 65 76 77 78 82 83 91 92 93 94 95 96 110 111 112 124 125 127 128 129 131 132 140 142 143 144 145 146 147 148 157 158 159 160 161 162 163 164 165 172 173 174 175 176 177 179 180 182 193 194 195 196 197 198 199 202 211 212 213 214 215 216 218 219 230 231 232 233 234 245 246 248 249 250 251 262 263 264 266 278 279 289 #

6 7290351.0 2 3 4 5 13 21 22 29 38 42 44 45 46 47 49 59 60 61 62 64 65 67 77 78 79 82 83 84 94 95 96 97 98 100 101 106 107 109 110 111 112 113 114 116 117 118 124 125 126 127 128 130 131 132 133 134 135 142 143 144 145 146 147 148 149 150 151 153 154 159 160 161 162 163 164 165 166 167 170 176 177 178 179 180 181 182 183 184 187 193 194 195 196 197 199 212 229 #

7 962255.0 108 230 231 232 246 247 248 262 263 264 266 279 280 281 #

7 1334867.0 160 161 179 196 197 198 212 213 214 231 239 255 280 281 #

7 1303563.0 81 97 114 115 130 132 211 212 213 263 264 279 280 281 #

8 168892.0 250 #

9 572462.0 22 39 40 56 57 74 75 76 77 93 109 240 241 259 #

9 734110.0 4 21 22 39 40 41 55 56 57 58 75 91 92 141 #

9 722812.0 56 75 76 77 91 92 93 94 109 110 126 127 128 144 #

10 135219.0 17 18 19 34 35 36 37 51 52 53 68 #

10 202251.0 1 2 18 19 35 36 51 52 68 85 86 #

10 188505.0 0 1 17 18 19 34 35 51 52 68 85 #

11 149576.0 290 #

12 758599.0 81 82 96 97 98 113 114 130 147 162 163 180 248 #

12 1109432.0 68 147 148 163 164 180 181 182 197 198 199 200 286 #

12 1083214.0 20 60 76 77 78 79 94 95 96 111 112 212 229 #

13 1374751.0 25 42 68 181 182 183 199 216 217 218 219 233 234 248 250 251 266 267 268 #

13 1914164.0 75 76 77 93 143 160 161 190 191 192 193 206 207 209 224 267 269 285 286 #

13 1799164.0 41 57 74 91 92 93 108 109 110 251 267 269 270 271 283 285 286 287 288 #

14 299010.0 109 125 142 143 160 161 #

14 309496.0 15 125 143 160 161 176 #

14 264359.0 125 141 142 143 147 295 #

15 594226.0 3 4 5 21 22 39 55 73 90 #

15 721638.0 23 40 52 54 55 56 72 73 250 #

15 667138.0 55 56 73 74 75 88 89 90 103 #

16 825145.0 101 111 112 118 128 194 195 197 198 213 214 260 262 263 278 #

16 1138762.0 178 179 180 195 196 197 198 211 216 233 239 240 241 255 256 #

16 1032195.0 162 163 178 179 181 183 195 196 197 198 199 269 286 287 288 #

17 2565530.0 7 8 9 10 11 24 25 26 27 28 42 43 77 150 166 202 213 214 215 216 217 218 229 233 234 235 245 246 250 251 269 270 271 286 287 #

17 3337837.0 8 9 10 11 12 13 14 15 16 25 26 27 28 30 31 32 33 42 43 44 46 47 48 50 63 66 169 186 235 236 237 240 252 253 269 #

17 3015376.0 8 9 10 11 12 13 14 15 23 24 25 26 27 28 29 30 31 41 42 43 45 46 47 63 64 65 82 83 100 101 117 140 141 157 158 #

18 1058906.0 88 89 95 105 220 243 244 258 259 260 261 272 276 277 278 279 #

18 1374058.0 224 226 227 241 243 244 245 258 259 260 261 275 276 278 279 296 #

18 1162229.0 36 37 52 54 68 130 134 226 227 229 230 244 245 246 261 278 #

19 169597.0 139 140 155 #

19 100710.0 120 138 155 #

20 830018.0 3 17 21 34 35 36 37 51 52 68 85 #

20 841218.0 17 19 34 35 36 37 52 54 175 191 192 #

20 800285.0 17 18 34 35 36 51 52 53 68 85 86 #

21 796234.0 166 167 181 182 183 184 185 199 202 289 #

21 1043289.0 168 185 186 202 203 219 236 237 253 254 #

21 939285.0 151 159 160 167 168 169 175 176 192 193 #

22 2191743.0 29 56 128 129 140 141 142 146 155 156 157 158 172 173 174 175 191 218 220 236 237 252 253 254 270 271 286 287 288 #

22 2765830.0 116 127 128 133 140 141 142 143 144 145 156 157 158 159 163 173 174 175 190 191 192 206 207 208 209 223 224 225 297 #

22 2744843.0 14 30 46 47 48 63 64 65 66 67 81 82 83 84 99 100 101 115 116 132 219 235 236 251 252 253 269 285 286 #

23 2082225.0 157 158 159 177 193 194 195 210 211 212 226 227 228 238 242 243 244 245 246 255 259 296 #

23 1959521.0 0 1 17 18 34 47 65 159 176 177 193 194 195 210 211 212 219 227 228 236 245 252 #

23 1952464.0 43 44 45 61 160 176 177 193 194 195 208 209 210 211 212 225 226 227 228 229 242 246 #

24 4204576.0 8 9 11 12 13 14 15 16 25 26 27 28 29 30 31 32 33 39 42 43 44 45 46 47 48 49 50 59 60 61 62 63 64 65 66 67 76 77 78 79 81 82 83 84 96 97 98 99 100 101 112 114 115 116 117 130 131 132 133 134 147 148 149 151 164 169 179 182 229 230 231 245 246 247 248 252 262 264 265 269 285 #

24 5946797.0 2 19 20 37 56 61 62 65 72 73 74 75 76 78 79 81 82 89 90 91 94 95 96 97 98 99 105 106 107 108 112 113 114 115 116 122 124 127 130 131 132 133 145 146 147 148 149 151 152 157 158 164 165 166 167 173 174 181 182 183 184 185 190 191 199 200 202 208 220 236 237 250 251 252 253 268 269 272 273 280 281 #

24 5724570.0 2 3 4 5 11 12 13 14 15 16 27 31 32 33 43 45 46 47 49 50 53 61 62 63 64 65 66 67 69 79 82 83 84 86 87 91 92 94 100 101 103 104 107 108 109 116 118 119 120 121 122 123 124 125 126 132 134 135 137 138 139 140 141 142 143 148 155 156 157 159 169 175 177 185 186 202 203 212 213 229 244 #

25 66123.0 294 #

26 985594.0 75 76 92 93 110 113 114 125 126 127 128 129 130 141 142 143 144 145 146 147 148 160 161 162 163 164 165 179 180 181 182 #

26 1420920.0 114 115 116 117 132 133 148 149 150 164 165 166 167 176 183 184 185 186 192 193 199 200 203 208 209 210 212 215 219 220 228 #

26 1405846.0 38 42 59 60 77 78 79 94 95 96 97 98 111 112 113 114 127 128 129 130 132 144 145 146 147 148 163 198 214 232 294 #

27 3437068.0 13 14 15 16 30 31 32 33 46 47 48 50 141 186 202 203 218 219 220 233 234 235 236 237 248 250 251 252 253 254 265 266 267 268 269 270 271 285 286 287 288 #

27 4086895.0 8 9 11 12 13 14 25 26 27 28 30 31 32 42 43 44 45 47 48 61 234 236 237 250 252 253 265 266 267 268 269 270 271 282 283 284 285 286 287 288 292 #

27 3881988.0 6 7 8 9 23 24 25 26 27 41 42 43 57 58 60 76 184 186 201 202 203 219 220 235 236 237 251 252 253 254 267 268 269 270 271 283 284 285 286 287 288 #

28 1476604.0 0 1 2 3 4 17 18 19 20 34 35 51 52 235 236 237 256 257 274 #

28 2136008.0 168 169 184 185 201 202 203 218 219 220 234 235 236 237 250 251 253 254 271 #

28 1699960.0 53 184 185 202 203 218 219 220 235 236 237 241 251 252 253 254 270 271 288 #

29 877514.0 7 13 21 25 39 40 41 57 73 74 75 89 90 91 92 93 107 124 141 #

29 1208925.0 6 22 23 24 34 35 40 41 51 52 54 55 56 57 58 68 71 72 73 #

29 1170363.0 12 13 14 15 16 28 29 30 31 32 33 46 47 50 63 64 65 66 108 #

30 563373.0 104 121 122 123 139 #

30 608588.0 121 124 139 140 156 #

30 496176.0 105 122 123 139 140 #

31 133184.0 168 169 #

31 126579.0 169 186 #

32 5739082.0 0 1 2 3 4 5 6 11 18 19 20 21 22 26 27 28 29 36 37 38 39 44 45 46 54 55 56 68 72 85 88 89 91 107 119 130 132 133 136 141 147 148 151 152 154 158 162 164 165 168 169 179 180 181 182 183 184 185 186 199 200 201 202 203 217 218 219 220 221 233 266 #

32 6627556.0 3 4 21 38 39 40 41 55 57 58 59 64 65 66 71 74 75 76 77 82 83 89 90 91 92 93 100 101 106 107 109 110 115 116 117 124 125 133 135 142 143 147 148 150 151 152 166 167 168 169 184 185 186 189 199 200 201 202 203 218 219 226 227 235 236 243 244 245 246 261 263 #

32 6451220.0 3 4 5 12 21 26 27 28 38 39 40 43 45 55 56 57 64 65 73 74 75 81 82 83 88 89 90 91 92 93 98 100 101 104 105 107 115 116 117 119 120 122 123 124 133 137 138 139 140 154 155 156 162 163 164 179 180 197 198 199 200 201 214 216 217 218 235 238 252 255 283 #

33 354682.0 128 146 147 #

33 420410.0 128 146 163 #

33 300419.0 130 131 147 #

34 6184996.0 12 13 14 15 16 28 29 30 31 32 33 45 64 81 82 83 95 97 99 113 114 115 116 149 153 159 160 161 164 165 166 167 170 176 177 179 180 181 182 183 187 194 195 197 198 199 202 212 216 217 218 229 230 231 233 234 235 245 246 248 249 250 251 263 264 265 266 #

34 5722657.0 10 11 12 13 14 15 16 26 27 28 29 30 31 32 33 43 45 46 47 48 49 50 60 61 62 63 64 65 66 67 79 80 81 82 83 84 101 179 180 188 189 196 197 207 211 212 223 224 225 229 230 231 234 235 241 246 247 248 249 250 251 263 264 265 266 274 281 #

34 5707380.0 6 7 8 9 10 11 12 13 14 15 21 23 24 25 26 27 28 29 30 31 32 33 37 42 43 44 45 46 48 49 60 61 62 63 64 70 77 78 79 80 81 82 94 95 96 111 112 113 128 168 178 179 194 195 196 197 198 211 212 213 214 228 231 232 233 245 248 #

35 1255122.0 1 178 179 180 191 195 196 211 212 213 214 228 229 230 243 245 246 247 248 259 260 263 271 277 278 279 288 #

35 1858252.0 60 77 78 79 80 81 95 96 97 107 108 109 112 123 124 125 126 132 139 149 204 229 230 247 248 264 296 #

35 1804982.0 6 7 8 9 23 24 25 41 42 43 60 227 228 229 243 244 245 246 260 261 262 263 278 279 280 281 289 #

36 209697.0 134 151 152 168 169 186 #

36 310480.0 169 221 223 224 239 240 #

37 505479.0 74 76 92 93 109 #

37 448274.0 43 60 77 92 93 #

37 431241.0 76 77 78 92 132 #

38 1974146.0 110 114 126 127 128 130 131 144 145 147 161 162 163 164 169 179 182 199 233 241 258 259 #

38 2471921.0 81 95 96 97 98 111 112 113 114 115 116 117 129 130 131 132 133 134 146 147 150 163 #

38 2410668.0 77 78 94 95 96 111 112 113 128 129 130 131 132 143 144 145 146 147 160 161 162 163 #

39 2981950.0 24 25 26 42 56 57 58 74 75 76 77 89 90 91 92 93 98 107 108 109 113 114 124 125 126 130 132 141 142 143 149 159 170 187 188 251 269 270 285 286 293 #

39 4338836.0 7 8 10 11 12 15 24 26 27 28 29 32 42 43 44 45 60 61 62 77 78 92 93 94 95 96 196 197 203 210 211 214 215 220 226 227 228 243 244 245 261 #

39 4229223.0 6 7 8 9 10 23 24 25 26 27 30 31 42 43 44 46 48 56 57 58 59 60 73 74 75 76 77 78 90 91 92 93 95 96 97 98 107 108 112 113 114 #

40 288516.0 74 75 90 #

40 409344.0 73 89 90 #

40 135392.0 75 92 109 #

41 1398997.0 189 205 222 223 231 238 239 248 250 264 266 268 #

41 1483268.0 172 187 188 189 190 191 204 205 222 223 238 239 #

41 1424829.0 20 202 216 217 218 219 233 234 250 251 268 269 #

42 967642.0 114 116 117 130 131 132 133 147 148 163 166 167 #

42 1130393.0 113 130 131 132 146 147 148 149 163 164 165 166 #

42 1105752.0 100 116 117 132 133 149 150 151 167 184 215 233 #

43 2065341.0 7 8 9 10 11 12 24 25 26 27 28 29 41 42 43 44 45 46 47 57 58 59 60 61 63 64 79 80 81 82 83 97 98 99 100 101 113 114 116 117 118 134 #

43 3093488.0 7 8 9 10 11 12 24 25 26 27 28 29 43 44 45 46 47 48 60 61 63 64 66 77 78 79 80 93 95 109 173 175 176 177 190 191 192 194 207 208 224 241 #

43 3073922.0 41 58 64 67 80 81 82 83 84 100 101 117 118 125 127 134 135 143 144 148 152 162 164 178 179 180 181 196 197 198 214 221 224 239 240 241 243 255 259 260 261 278 #

44 153582.0 204 205 #

44 75482.0 204 222 #

44 18168.0 205 223 #

45 3709782.0 78 93 96 97 98 99 109 110 113 115 127 130 133 134 141 142 143 144 145 150 152 159 160 161 164 165 166 167 168 169 178 179 180 183 184 185 186 196 197 200 201 202 203 213 214 216 217 218 219 223 231 236 #

45 5000162.0 1 2 3 4 5 6 7 8 9 10 19 20 21 22 23 24 25 26 37 38 40 41 42 43 56 57 58 59 60 67 74 75 83 84 91 92 93 101 108 109 110 117 118 134 135 152 157 169 186 203 219 235 #

45 4719023.0 6 7 8 9 24 25 26 27 42 43 56 57 58 59 74 75 76 82 90 91 92 93 107 109 124 125 196 198 213 214 215 216 217 218 219 230 231 232 233 234 235 247 248 249 250 264 266 267 268 284 285 291 #

46 312850.0 173 174 191 208 210 #

46 424530.0 173 174 190 191 192 #

46 411071.0 155 172 173 188 191 #

47 4804903.0 11 12 13 14 29 30 31 38 46 47 59 64 71 76 88 89 95 97 106 112 113 134 139 140 141 142 143 151 152 155 156 157 158 163 168 169 171 172 173 174 175 176 185 186 187 188 190 191 192 201 202 203 205 206 207 208 209 217 218 219 223 224 225 233 234 236 237 250 252 253 254 271 286 287 288 #

47 6435432.0 7 8 9 10 11 21 22 25 26 27 39 40 41 42 43 53 55 57 58 59 60 69 71 73 74 75 76 77 85 86 89 90 91 92 93 94 105 106 107 109 110 111 116 124 140 162 178 179 193 195 196 197 198 202 203 210 211 212 213 214 215 218 219 226 228 230 231 232 235 236 242 244 252 253 291 #

47 6168190.0 7 8 9 11 25 26 27 42 43 44 58 59 60 61 76 77 78 79 80 81 82 95 100 115 116 117 118 134 135 150 151 152 162 164 165 166 167 168 169 174 178 179 180 183 184 185 186 191 196 197 199 200 201 202 203 208 213 214 217 218 219 220 221 222 231 235 236 237 238 239 240 241 255 282 285 #

48 178133.0 162 178 179 180 #

48 175818.0 160 178 179 194 #

48 114242.0 178 179 196 213 #

49 561092.0 180 196 197 213 214 271 287 288 #

49 813244.0 179 196 197 210 211 213 214 228 #

49 629078.0 142 159 160 178 179 196 197 241 #

50 509375.0 86 226 242 244 252 269 285 #

50 557302.0 174 175 250 251 269 285 286 #

50 495478.0 51 68 177 267 283 284 285 #

51 2572506.0 102 103 119 120 138 152 158 159 160 169 174 175 176 177 190 191 192 193 206 207 208 209 210 211 212 213 224 225 228 229 230 236 237 251 252 253 269 285 286 287 #

51 3530497.0 0 1 66 106 123 124 125 126 139 140 141 143 156 160 161 162 175 176 177 178 179 191 192 193 194 195 196 197 200 207 208 209 210 211 212 224 225 228 229 245 #

51 3451822.0 7 8 9 25 27 32 42 48 106 123 124 125 128 141 142 143 147 159 160 161 162 163 176 177 178 179 193 194 195 196 197 209 210 211 212 214 215 228 271 288 #

52 992883.0 14 15 16 31 32 33 41 47 48 49 50 56 57 58 67 76 83 84 #

52 1340946.0 49 64 67 82 83 84 98 100 101 115 116 117 118 132 133 134 135 149 #

52 1305712.0 48 49 64 65 66 67 80 81 82 84 100 101 116 118 132 209 224 225 #

53 1266916.0 9 10 11 12 25 26 27 28 42 43 44 45 60 61 62 63 79 235 #

53 1707182.0 7 23 24 25 26 27 29 42 44 45 46 60 61 212 219 229 235 246 #

53 1656752.0 6 23 44 45 46 60 61 62 77 79 203 220 235 236 237 252 253 254 #

54 1251495.0 26 27 43 44 60 61 193 194 195 196 211 212 213 229 230 231 248 264 265 266 #

54 1642891.0 6 24 25 26 27 42 43 44 45 46 61 62 79 198 216 217 231 248 264 265 #

54 1623147.0 72 132 149 150 158 159 164 165 166 173 176 182 183 191 192 193 199 208 209 288 #

55 1905895.0 96 112 113 131 158 174 191 201 203 215 216 217 219 220 233 234 235 236 237 250 251 252 253 254 266 267 268 269 270 271 282 283 284 285 286 287 288 #

55 2809584.0 107 125 126 138 139 140 141 142 155 156 157 158 159 172 173 174 190 191 192 207 208 209 221 223 225 239 240 242 243 244 256 257 258 259 274 275 276 #

55 2689067.0 63 64 77 80 81 82 83 93 94 95 96 97 98 99 100 101 112 113 114 116 117 127 128 129 130 141 142 143 144 145 146 158 159 160 161 162 205 #

56 1363587.0 39 40 55 56 57 74 75 76 90 91 92 183 200 220 236 252 253 269 270 271 285 286 287 288 #

56 2042214.0 73 74 90 91 92 94 96 107 112 113 127 130 131 145 146 147 163 164 250 251 252 267 269 285 #

56 2012706.0 46 47 48 49 59 64 65 75 76 91 92 129 204 205 222 238 239 255 256 269 285 286 287 288 #

57 840988.0 9 12 25 27 29 43 45 46 61 #

57 940183.0 44 45 46 47 64 82 206 207 246 #

57 893425.0 7 9 11 12 13 25 27 28 29 #

58 81378.0 12 #

59 476865.0 263 264 265 281 #

59 374133.0 263 279 280 281 #

59 351226.0 145 147 163 264 #

60 783930.0 1 2 4 18 19 20 21 22 35 36 37 38 111 112 113 193 #

60 1167443.0 1 2 19 20 37 81 99 115 116 117 130 131 132 133 149 166 #

60 1148195.0 9 10 78 94 96 97 112 113 114 123 130 193 208 209 236 252 #

61 124068.0 19 20 263 278 279 281 #

61 180804.0 1 2 19 20 138 139 #

61 13915.0 69 261 262 263 278 279 #

62 1366931.0 141 157 158 174 175 176 191 192 208 220 236 237 252 253 271 287 #

62 1747520.0 70 71 72 87 88 89 90 107 108 220 235 236 237 252 253 254 #

62 1592424.0 156 157 172 173 174 175 176 191 192 206 207 208 209 223 224 225 #

63 178629.0 297 #

64 77535.0 235 #

65 714380.0 102 119 120 136 137 154 #

65 754973.0 102 103 119 120 137 138 #

65 709044.0 103 119 120 136 137 154 #

66 442138.0 103 120 136 137 138 #

66 460135.0 86 102 103 120 138 #

66 423816.0 86 87 103 120 138 #

67 833185.0 85 102 119 136 137 162 163 178 179 #

67 922198.0 142 143 160 161 162 163 178 179 180 #

67 697573.0 160 161 162 178 179 180 194 211 228 #

68 1643863.0 131 148 151 164 166 167 179 180 181 182 183 196 197 198 199 200 201 210 212 213 214 216 226 227 231 232 243 244 245 248 259 #

68 2409545.0 101 116 117 134 135 177 178 193 194 195 209 210 211 212 219 226 227 228 243 244 245 246 260 261 262 270 271 278 286 287 288 #

68 2398476.0 73 93 148 158 160 164 165 166 167 175 176 177 180 181 182 183 184 191 192 193 199 200 202 203 209 210 211 217 225 227 276 #

69 2690507.0 9 10 11 12 13 14 15 16 25 26 27 28 29 30 31 33 44 45 46 47 48 62 63 64 65 66 79 80 81 82 83 96 97 100 101 111 112 113 114 117 132 #

69 3726519.0 46 63 77 78 79 86 95 96 97 108 111 112 113 130 131 140 141 142 146 147 148 158 162 163 175 208 209 211 212 213 225 229 230 235 237 252 253 254 269 271 286 #

69 3626102.0 2 13 30 42 46 47 48 59 60 64 76 77 78 81 82 83 96 97 98 113 114 115 116 117 130 131 134 135 138 155 181 182 191 208 209 225 226 243 244 260 277 #

70 73044.0 150 #

71 364787.0 267 282 283 #

71 208021.0 171 267 283 #

71 83577.0 216 233 282 #

72 1571254.0 44 45 71 72 73 85 86 87 88 89 90 104 105 106 107 121 122 154 203 278 280 281 #

72 1967314.0 9 12 17 25 27 28 34 42 43 44 45 46 58 59 60 61 77 79 96 103 104 122 #

72 1777325.0 12 24 29 30 31 42 43 44 45 46 59 60 61 62 63 77 78 79 93 95 96 112 #

73 4711794.0 6 9 15 20 21 24 25 27 28 31 32 36 37 39 40 41 42 43 44 45 54 55 57 58 59 61 62 64 69 70 71 72 73 74 75 77 85 86 87 88 89 95 102 103 104 105 106 119 120 121 122 123 136 137 139 153 154 170 174 175 190 191 192 207 209 224 225 279 #

73 5734716.0 9 26 27 35 43 44 80 153 154 155 156 157 158 170 172 173 174 175 176 187 188 189 190 191 192 193 194 204 205 206 207 208 209 210 211 212 219 221 222 223 224 225 226 227 228 229 230 238 239 240 241 242 243 244 245 246 255 256 258 259 260 261 262 263 272 273 274 277 #

73 5669178.0 76 102 119 120 136 137 153 154 156 160 170 173 174 176 177 178 179 187 190 191 192 196 197 198 201 206 207 208 209 210 212 214 215 216 217 218 221 223 224 225 226 228 229 232 233 234 238 239 240 241 242 243 244 245 246 250 251 255 256 257 259 260 261 262 273 274 275 278 #

74 4075864.0 0 1 6 7 8 9 10 11 12 13 14 15 16 17 18 19 20 23 24 25 26 27 28 29 30 31 32 35 37 41 42 43 44 45 46 47 48 52 57 58 59 60 61 62 63 64 66 68 74 75 76 77 78 79 80 81 91 96 97 98 114 128 132 210 228 267 284 295 #

74 5063337.0 0 1 2 3 4 5 17 18 19 20 21 22 34 35 36 37 38 39 40 41 49 50 51 52 55 56 57 67 73 76 83 84 100 101 104 121 122 123 124 138 140 141 142 143 153 154 157 158 160 161 162 164 166 173 174 175 178 179 180 181 191 195 196 206 207 208 211 225 #

74 5007502.0 10 11 12 13 14 15 25 27 28 29 30 31 40 41 42 43 44 45 46 47 48 49 55 56 57 58 59 60 61 62 63 64 65 66 67 74 75 76 77 78 79 80 82 83 84 91 92 94 95 96 100 101 140 141 142 157 158 160 161 162 163 173 174 175 176 178 191 192 #

75 1047824.0 11 27 124 125 199 230 231 232 233 248 264 #

75 1278123.0 230 246 261 262 263 264 265 266 278 279 281 #

75 1245355.0 230 245 246 247 248 261 262 263 264 279 296 #

76 4421593.0 1 2 3 4 5 6 19 20 21 22 23 25 35 36 37 38 39 40 41 42 54 55 56 57 59 72 73 74 75 76 77 89 90 91 92 93 94 235 236 246 247 248 249 252 253 263 264 265 266 270 271 279 280 281 286 287 #

76 5373823.0 10 11 27 42 43 44 45 60 61 77 78 79 80 93 94 95 96 108 109 110 126 127 145 150 162 163 164 178 179 180 192 195 203 209 215 219 220 232 233 234 235 236 237 250 251 252 253 254 268 269 270 271 285 286 287 288 #

76 5125705.0 4 5 22 40 86 93 103 110 116 117 126 127 133 149 150 151 166 167 168 169 183 184 185 186 201 202 203 211 219 220 232 233 234 235 236 237 249 250 251 252 253 254 265 266 267 268 269 270 271 283 284 285 286 287 288 291 #

77 3180268.0 82 83 100 116 124 125 140 141 142 143 144 155 156 157 158 159 160 161 170 171 172 173 174 175 176 178 179 187 188 189 190 191 192 193 196 197 204 205 206 207 208 209 210 211 221 222 223 224 225 228 238 239 245 255 256 257 273 275 282 #

77 4747221.0 0 1 8 14 17 18 19 23 24 25 26 34 35 36 37 40 41 42 43 44 45 48 49 51 52 56 57 58 59 60 61 62 66 67 68 75 76 78 85 92 93 95 138 148 175 176 177 189 191 192 193 205 207 209 223 224 225 239 256 #

77 4637828.0 11 23 26 27 40 41 42 43 44 45 46 47 56 57 58 59 61 74 75 89 90 91 92 93 107 108 109 110 116 123 124 125 126 127 128 129 132 141 142 143 144 145 146 147 148 158 159 160 161 176 178 179 190 194 196 197 214 225 293 #

78 1046531.0 7 18 24 35 42 43 57 58 59 60 61 76 77 78 81 93 98 109 110 138 147 182 #

78 1568498.0 11 28 42 45 59 60 61 62 77 78 79 81 96 97 98 113 114 130 150 167 264 265 #

78 1540663.0 24 25 41 42 43 45 54 55 59 60 61 71 72 75 76 77 87 88 89 90 94 111 #

79 2393041.0 1 2 3 17 18 19 20 21 22 34 35 36 37 38 39 40 51 52 53 68 126 127 148 150 151 152 166 167 168 169 184 185 #

79 3176614.0 0 1 2 17 18 19 20 21 31 34 35 36 37 51 52 53 229 231 233 246 247 248 249 262 263 264 265 266 280 281 282 283 #

79 3022552.0 0 1 2 3 6 17 18 19 20 21 22 23 34 35 36 37 38 39 40 51 52 55 131 132 146 147 148 149 164 187 221 238 #

80 117223.0 88 #

81 1780649.0 69 128 129 146 147 161 162 163 195 211 212 213 214 229 230 231 244 246 247 248 249 261 262 263 278 279 284 #

81 2428476.0 70 71 88 89 104 105 143 144 160 177 178 192 193 194 195 196 197 198 209 210 211 212 213 214 215 216 225 #

81 2396735.0 108 168 169 185 186 202 203 210 212 228 243 244 245 246 259 260 261 262 263 264 265 272 277 278 279 280 281 #

82 1861413.0 36 85 86 87 102 103 119 136 137 153 154 155 156 157 170 171 172 173 187 188 189 190 191 192 204 205 206 207 208 221 222 223 224 225 238 239 255 256 257 274 #

82 2773377.0 69 71 72 85 86 87 88 89 102 103 104 105 106 107 108 109 110 119 120 121 122 123 124 125 126 131 136 137 138 139 142 147 154 155 156 159 160 164 280 281 #

82 2751978.0 14 55 68 69 70 71 72 73 85 86 87 89 101 102 103 104 118 119 120 121 122 134 135 136 137 138 139 140 153 154 155 156 157 170 172 173 174 188 189 200 #

83 2241227.0 36 51 52 53 68 69 70 71 72 85 86 87 88 89 102 103 104 112 119 120 121 124 136 137 138 139 140 153 154 155 156 169 172 186 190 191 203 206 207 #

83 3282607.0 68 74 91 95 96 118 135 151 152 168 169 179 181 184 185 186 197 198 199 201 202 203 215 216 217 218 219 220 232 233 234 235 236 251 252 253 254 271 289 #

83 3273214.0 108 109 124 125 141 142 143 156 157 158 159 160 172 173 174 175 177 181 188 189 190 191 192 199 200 204 205 206 207 208 209 222 223 225 239 240 255 256 274 #

84 1061500.0 59 63 76 77 78 81 91 92 93 94 95 96 97 98 109 110 113 114 115 125 130 132 142 #

84 1587511.0 71 72 74 82 85 88 89 90 91 100 107 110 124 125 126 127 142 143 144 145 162 228 264 #

84 1556772.0 15 30 31 46 47 48 49 62 63 64 65 66 79 80 82 96 97 100 129 146 162 163 240 #

85 2000868.0 121 147 164 165 170 172 175 181 183 187 188 189 190 191 192 193 205 206 207 208 209 211 223 224 225 238 239 241 255 256 257 272 273 274 #

85 2955391.0 9 11 26 27 42 43 44 60 99 114 115 116 130 131 132 133 148 149 164 165 176 190 191 192 193 194 195 206 207 209 211 224 225 228 #

85 2907393.0 5 33 49 67 82 83 84 100 101 116 117 118 119 120 127 132 134 135 136 137 145 151 152 153 154 163 170 229 257 258 274 275 276 277 #

86 1184524.0 9 26 27 43 44 45 60 61 62 63 77 80 81 183 199 #

86 1352384.0 153 160 178 182 183 194 195 199 200 202 203 211 212 220 228 #

86 1244784.0 49 150 151 152 164 166 168 169 181 182 183 184 185 199 200 #

87 1332908.0 23 39 40 41 42 55 56 57 58 73 74 75 90 112 113 127 128 221 #

87 1861319.0 42 54 55 56 57 58 73 74 75 90 91 100 107 254 270 271 285 286 #

87 1704880.0 0 1 17 18 41 56 57 74 75 89 91 92 107 108 109 125 126 141 #

88 2927542.0 6 7 12 21 22 23 24 25 27 28 30 39 40 41 42 43 44 46 47 55 56 57 58 60 70 71 73 75 86 87 88 89 90 102 103 105 119 120 136 137 256 294 #

88 3671380.0 6 7 8 9 11 12 24 25 26 27 28 29 41 42 43 44 45 46 47 56 57 58 60 61 62 63 71 75 79 80 88 89 90 163 223 238 239 243 244 260 277 292 #

88 3494485.0 6 7 11 12 13 14 23 24 25 26 27 28 29 30 31 32 40 42 43 44 45 46 47 48 61 62 63 66 79 80 81 94 97 98 159 236 237 251 252 269 295 297 #

89 322694.0 183 199 200 #

89 319551.0 181 199 200 #

89 283048.0 183 199 217 #

90 882046.0 11 12 13 14 15 28 29 30 31 43 44 45 46 47 61 64 82 289 #

90 1254342.0 9 27 29 30 44 45 46 47 62 63 65 82 214 215 231 232 248 249 #

90 1166997.0 7 8 9 12 24 25 26 27 28 29 41 42 44 45 58 60 61 62 #

91 1484878.0 18 45 61 62 63 79 80 81 82 99 115 116 117 132 195 210 211 212 273 #

91 1900391.0 14 30 31 46 47 64 65 67 82 83 84 100 101 118 134 151 168 240 241 #

91 1880482.0 13 30 46 63 64 65 66 82 100 101 114 115 116 117 132 133 147 181 289 #

92 777840.0 234 235 249 250 251 252 265 266 297 #

92 999899.0 6 7 23 24 40 41 56 57 297 #

92 885947.0 113 220 224 235 236 241 251 271 294 #

93 586436.0 118 134 135 152 169 #

93 662950.0 101 118 134 135 152 #

93 633699.0 134 135 152 168 169 #

94 1937040.0 156 157 173 191 192 226 229 238 239 240 241 242 243 245 246 258 259 260 261 262 263 276 277 278 279 290 #

94 2513779.0 9 25 26 42 58 59 76 81 93 98 157 173 174 191 202 207 208 219 235 236 237 250 251 252 253 268 #

94 2379728.0 76 92 93 109 130 133 134 135 148 150 151 152 166 167 168 184 185 202 227 229 245 246 270 271 286 287 #

95 1001049.0 2 3 4 5 21 22 23 38 39 40 226 239 240 241 242 258 259 260 276 277 278 #

95 1487905.0 118 193 210 220 226 227 228 240 241 242 243 244 245 258 259 260 261 262 277 278 282 #

95 1486003.0 64 112 113 138 139 153 154 204 207 209 222 223 224 225 239 240 241 258 259 275 276 #

96 735097.0 30 31 46 47 64 136 281 290 #

96 893293.0 12 13 15 29 30 31 46 47 #

96 791256.0 14 29 30 46 47 48 64 66 #

97 1068143.0 82 99 100 101 114 116 117 118 131 132 133 134 135 150 #

97 1370182.0 11 27 28 45 49 58 66 67 82 83 84 101 117 134 #

97 1290225.0 80 81 82 98 99 100 115 116 117 133 134 149 151 152 #

98 1728481.0 17 18 35 36 139 155 161 162 178 179 180 195 196 197 211 212 213 214 215 229 230 231 232 248 #

98 2232424.0 17 34 35 52 194 195 196 197 211 212 213 214 230 231 232 247 248 249 263 264 265 266 280 281 #

98 2198106.0 75 102 103 120 125 126 142 157 160 177 178 179 193 194 195 196 197 209 210 211 212 213 227 231 #

99 1273939.0 1 3 4 5 18 19 20 21 22 23 34 35 36 37 38 39 40 54 184 202 #

99 1856604.0 6 7 9 10 23 24 25 26 27 41 42 43 44 45 46 57 58 59 61 76 #

99 1743497.0 41 56 57 150 151 166 167 183 184 186 200 201 202 203 217 218 234 250 268 294 #

100 1752900.0 0 1 70 71 72 88 89 105 107 108 109 124 125 140 141 142 143 158 160 216 233 #

100 2003589.0 7 8 25 70 71 73 88 89 90 102 103 104 105 121 138 139 155 172 188 189 190 #

100 1914000.0 127 128 141 142 143 144 156 157 158 159 160 161 162 173 174 175 176 177 251 269 285 #

101 2087441.0 12 28 29 44 45 46 59 60 61 68 74 85 86 87 88 89 102 103 104 105 106 121 122 182 267 269 282 283 284 285 286 287 288 #

101 2907560.0 148 149 150 166 167 182 183 184 199 216 217 218 219 232 233 234 235 247 248 249 250 251 252 264 266 267 268 269 282 283 284 285 286 #

101 2508308.0 49 151 152 165 167 168 169 183 184 200 229 230 232 233 234 235 247 248 250 251 264 265 266 267 268 269 271 282 283 284 285 286 287 #

102 1591341.0 6 14 23 24 39 40 55 56 57 73 74 89 90 92 93 109 110 244 245 #

102 2049086.0 29 124 140 177 178 193 194 195 210 211 227 228 244 245 261 262 263 278 279 #

102 1950209.0 54 55 57 70 71 72 73 74 88 89 90 91 92 100 105 109 116 122 286 #

103 3360776.0 12 13 14 15 29 30 31 39 45 46 47 62 63 97 99 100 101 114 115 116 117 118 132 133 134 135 151 152 166 167 169 173 175 176 177 182 183 184 185 191 192 193 194 195 208 209 211 213 #

103 4180335.0 14 15 16 30 31 32 33 46 47 48 49 50 63 64 65 66 138 139 155 156 172 188 189 190 191 204 205 206 207 208 219 220 222 235 236 237 250 252 253 254 267 269 270 271 285 286 287 288 #

103 4040383.0 26 27 39 124 125 138 140 141 142 143 150 151 155 156 157 160 166 167 169 172 173 174 176 184 185 186 190 191 192 193 202 203 206 207 208 218 219 220 223 234 235 236 237 251 252 253 254 269 #

104 129882.0 34 125 #

104 25624.0 108 125 #

105 135244.0 82 #

106 438135.0 87 93 108 109 110 125 126 127 143 145 #

106 557070.0 41 70 86 87 102 103 104 120 124 141 #

106 514963.0 91 93 108 109 110 124 125 127 140 145 #

107 1574019.0 133 150 151 165 167 168 182 183 184 185 199 200 201 202 203 219 231 232 247 248 263 264 282 283 #

107 1996292.0 194 195 210 211 212 228 229 230 234 246 247 248 250 252 261 262 263 267 269 278 282 283 284 285 #

107 1947569.0 100 101 116 117 130 131 132 133 141 148 149 165 166 167 177 183 184 199 201 202 218 219 235 252 #

108 108510.0 221 #

109 605189.0 2 3 4 20 21 38 39 #

109 726077.0 2 3 4 19 20 21 113 #

109 652264.0 3 4 21 176 193 210 211 #

110 884170.0 172 173 187 188 190 191 204 205 206 207 223 224 #

110 1125373.0 172 188 189 194 204 205 207 210 211 223 224 228 #

110 1007535.0 47 145 146 147 163 187 190 204 205 207 222 223 #

111 2252411.0 13 14 15 16 30 31 32 33 46 47 48 50 63 64 65 66 67 81 82 83 84 97 98 100 101 116 117 118 133 134 135 149 166 183 193 210 228 283 #

111 3089031.0 138 141 142 143 144 147 155 157 158 159 160 163 171 172 173 176 177 178 187 188 189 190 191 193 194 195 204 205 207 210 211 212 222 223 224 228 242 245 #

111 3069267.0 22 46 47 64 65 66 67 82 83 84 98 100 101 117 118 130 131 132 133 134 147 148 149 150 151 165 166 167 172 173 174 183 190 191 206 207 223 224 #

112 2330804.0 4 5 6 21 22 23 24 38 39 40 54 55 56 57 71 72 87 88 89 90 104 105 106 121 122 128 129 139 146 147 163 199 #

112 2758131.0 70 71 86 87 88 89 90 103 104 105 106 107 121 122 138 139 143 155 156 165 172 173 176 188 190 191 199 206 207 224 225 280 #

112 2689517.0 71 72 74 85 86 87 88 89 90 102 103 104 105 107 108 120 121 122 123 124 138 139 140 141 155 156 157 172 173 188 212 228 #

113 310287.0 247 248 266 #

113 417101.0 230 248 266 #

113 342420.0 234 250 266 #

114 1017793.0 39 97 98 113 114 120 130 131 132 138 146 148 155 215 216 217 233 237 242 252 253 #

114 1408918.0 69 71 86 87 88 103 104 119 120 122 136 137 138 139 153 154 155 156 170 172 173 #

114 1406619.0 97 98 99 115 150 155 156 161 162 167 172 179 180 181 182 183 199 210 217 226 244 #

115 1931590.0 98 114 115 116 117 131 132 133 148 149 150 151 166 167 182 183 241 249 252 258 259 266 #

115 2308071.0 26 42 151 168 169 185 186 201 202 217 218 219 220 235 236 237 252 253 254 271 287 292 #

115 2145319.0 116 133 135 147 150 151 152 166 167 168 169 182 183 184 185 186 199 216 217 218 262 279 #

116 923916.0 19 20 37 38 142 143 144 157 158 159 160 161 174 268 #

116 1345129.0 3 20 21 35 36 37 38 52 53 69 253 270 271 287 #

116 1344486.0 82 100 143 144 157 162 163 173 174 175 179 180 191 196 #

117 275194.0 6 24 42 57 58 75 #

117 344073.0 23 24 26 42 43 60 #

117 282220.0 24 26 27 28 42 58 #

118 1439225.0 125 126 141 142 143 151 160 161 164 169 179 180 181 199 229 279 #

118 1657132.0 177 194 195 210 211 212 228 229 230 235 246 247 248 252 266 273 #

118 1496198.0 70 71 88 89 90 103 104 105 106 121 133 150 151 152 168 169 #

119 3522988.0 10 11 12 13 28 29 45 52 68 85 110 112 127 128 164 174 190 191 200 206 225 226 227 230 242 243 244 245 246 258 259 260 261 262 263 264 275 276 277 278 279 280 281 #

119 4341519.0 0 1 174 187 191 204 205 211 212 222 223 226 228 229 230 231 242 243 244 245 246 247 248 249 250 252 259 260 261 262 263 264 266 269 270 277 278 279 280 281 284 285 286 #

119 4337017.0 7 8 9 10 11 12 25 26 27 28 42 43 44 45 60 61 74 75 77 92 220 226 227 228 237 241 242 243 244 245 246 254 258 259 260 261 262 263 271 276 277 287 288 #

120 6599512.0 7 8 9 10 11 12 13 24 25 26 27 28 29 42 43 44 45 46 58 60 61 62 63 70 71 76 77 78 79 80 81 83 84 88 89 91 92 95 96 97 98 100 104 105 106 107 108 109 112 115 116 117 119 121 122 123 124 125 126 128 133 138 139 140 141 142 143 151 155 156 157 158 160 161 168 169 172 173 174 175 185 186 190 191 192 207 208 225 280 #

120 7958664.0 7 8 9 10 11 12 13 14 15 16 23 24 25 26 27 28 29 30 31 32 33 41 42 43 44 45 47 48 49 50 58 59 60 61 62 64 65 66 67 76 77 78 79 80 81 82 83 84 93 94 95 96 97 98 99 100 101 111 112 113 114 115 116 117 118 130 131 132 133 134 148 149 150 152 162 164 180 181 191 194 197 198 216 231 232 233 250 282 283 #

120 7864188.0 4 6 7 9 10 13 14 15 16 21 23 24 25 26 27 29 30 31 32 33 38 41 42 43 44 45 46 47 48 49 50 52 60 61 62 63 64 65 66 77 78 79 80 81 82 83 96 97 98 99 100 114 115 116 117 130 131 132 133 147 148 149 150 163 164 165 166 167 180 181 182 183 184 199 200 201 202 216 217 231 243 248 249 250 264 265 266 267 268 #

121 803101.0 12 13 27 28 29 43 45 62 129 146 147 163 282 #

121 1161161.0 8 9 10 13 26 27 29 43 45 62 63 74 239 #

121 1150228.0 206 207 208 223 224 225 267 268 270 282 283 285 286 #

122 1439847.0 1 17 210 226 227 239 241 242 243 244 245 256 257 258 259 260 261 262 272 273 274 275 276 277 278 #

122 2021065.0 142 143 158 159 160 161 175 178 179 189 191 207 226 227 243 244 245 259 260 261 262 263 277 278 279 #

122 2019665.0 42 43 58 60 61 62 63 79 80 81 194 210 211 226 227 228 243 244 245 258 259 260 276 278 279 #

123 200466.0 171 188 205 #

123 147769.0 128 188 189 #

124 3389004.0 0 1 17 19 35 51 52 53 54 68 69 70 71 72 85 86 87 89 160 161 176 178 196 197 210 212 213 214 215 227 228 229 230 231 232 233 234 245 246 247 248 250 260 261 262 263 264 265 267 268 278 279 280 281 284 285 293 #

124 4275927.0 0 1 2 17 18 19 35 36 37 51 52 53 68 69 70 71 85 86 87 100 102 103 104 117 119 121 122 123 130 131 132 137 138 139 143 146 148 149 155 160 161 162 163 164 173 174 176 178 179 180 182 191 193 196 197 207 214 #

124 4244271.0 1 17 18 19 25 34 35 36 37 42 51 52 53 65 66 68 69 71 85 86 87 88 102 103 104 105 106 119 120 121 122 123 124 137 138 139 142 143 151 159 160 161 167 168 169 176 177 186 190 191 192 193 199 200 207 208 209 #

125 1640793.0 16 33 48 49 66 172 188 189 205 221 222 223 226 238 239 240 241 242 243 244 255 256 258 259 260 261 262 276 277 278 294 #

125 2455134.0 23 167 173 187 188 190 191 192 204 205 206 207 208 221 222 223 224 225 238 239 240 241 242 243 255 256 257 259 272 273 274 #

125 2311514.0 143 160 170 171 172 173 177 178 179 187 188 189 190 191 194 195 196 204 205 207 211 212 213 222 223 224 225 230 247 270 287 #

126 1039130.0 0 49 65 66 151 152 168 172 185 190 206 207 208 223 224 225 238 239 240 255 #

126 1549453.0 3 21 30 39 46 47 64 65 183 184 185 240 241 254 267 270 271 285 286 287 #

126 1481226.0 13 14 30 46 69 85 86 87 178 179 191 192 196 197 207 208 212 213 224 225 #

127 1276021.0 7 24 25 26 41 42 43 45 58 59 60 61 77 92 93 94 111 212 248 254 #

127 1877955.0 25 42 43 44 59 77 216 230 233 246 247 248 250 251 264 265 266 267 269 283 #

127 1761020.0 8 9 11 12 25 26 27 28 42 43 45 46 58 62 63 64 81 141 142 159 #

128 5553903.0 0 1 3 6 8 17 18 19 20 21 22 23 24 25 26 34 35 36 37 38 39 40 41 42 43 49 51 54 55 56 57 58 59 60 69 70 71 72 73 74 75 76 77 85 86 87 88 89 90 91 92 93 94 95 96 98 102 103 104 105 106 107 108 109 112 113 114 119 120 121 122 123 124 128 129 130 146 149 185 186 190 202 203 206 220 237 246 247 253 254 264 265 270 271 286 287 #

128 7955897.0 0 1 2 3 9 17 18 19 21 27 28 29 34 35 36 39 41 42 43 45 51 52 53 54 56 57 58 62 68 69 71 75 77 79 80 81 85 87 88 89 94 95 96 97 98 99 102 111 112 113 114 115 116 120 129 130 131 132 133 135 146 147 148 149 150 152 153 165 166 167 170 172 173 179 183 184 196 197 198 214 237 247 248 252 254 264 265 266 267 269 270 271 285 286 287 288 #

128 7675127.0 1 11 12 38 54 65 72 78 82 83 84 86 96 100 101 103 113 116 117 118 130 131 132 133 149 151 165 166 167 168 172 173 181 182 183 184 185 186 191 195 196 197 198 199 200 201 202 203 206 207 208 209 211 212 213 214 215 216 217 218 219 220 223 224 225 229 230 231 232 233 234 236 237 246 247 248 250 251 253 254 260 262 263 264 265 266 267 268 270 271 279 280 281 283 287 288 #

129 959671.0 81 97 99 118 133 134 135 151 152 168 169 226 227 241 242 243 244 259 260 264 #

129 1408749.0 118 134 135 152 168 169 183 184 185 186 202 203 219 220 235 236 252 253 269 271 #

129 1396555.0 81 82 84 97 100 101 115 116 117 118 133 134 135 151 152 235 236 237 252 253 #

130 1365409.0 0 1 13 14 15 16 17 18 19 30 31 32 33 34 35 45 46 47 48 49 61 62 64 65 66 227 #

130 1992525.0 1 2 3 4 5 17 18 19 20 21 22 34 35 36 37 38 39 40 52 198 214 215 222 238 239 240 #

130 1862089.0 86 104 105 121 178 192 193 195 209 210 211 212 213 224 226 227 228 229 230 242 243 244 245 261 262 278 #

131 2097134.0 14 15 30 31 32 43 44 46 47 48 61 64 65 79 80 81 82 162 163 176 232 233 234 250 251 266 269 286 #

131 2565306.0 12 13 29 30 45 46 47 48 61 63 64 71 72 80 81 82 83 88 89 98 100 104 114 221 239 256 257 275 #

131 2523628.0 2 3 4 5 12 29 37 38 43 44 45 46 47 60 61 62 63 77 78 79 80 94 95 96 112 113 236 252 #

132 272046.0 70 71 72 86 87 88 89 104 105 106 121 122 123 138 139 140 #

133 723343.0 12 13 27 28 63 80 81 98 197 214 215 231 #

133 1031088.0 63 64 81 82 83 84 97 100 117 177 194 278 #

133 1002382.0 6 13 14 23 29 45 46 62 64 82 257 275 #

134 471550.0 42 280 281 284 #

134 468187.0 267 284 285 286 #

134 325117.0 8 25 42 43 #

135 2048548.0 3 4 6 10 11 12 22 23 24 25 26 27 28 39 40 41 42 43 55 56 57 58 60 61 62 63 73 74 75 76 77 90 91 92 93 109 110 126 171 223 239 #

135 3066462.0 6 24 65 74 75 76 82 83 91 92 93 100 101 106 107 109 110 116 117 122 123 124 125 126 127 128 140 141 142 143 157 158 174 175 201 202 203 217 218 220 232 #

135 3062781.0 12 33 45 50 60 61 74 77 78 82 91 92 93 94 95 100 101 106 107 108 109 110 114 115 116 117 118 123 124 125 126 134 135 141 142 143 144 150 157 158 161 #

136 5917273.0 6 22 23 24 39 40 49 63 64 65 66 80 81 97 99 100 112 113 114 115 116 117 126 127 128 129 130 131 132 133 142 143 144 145 146 147 148 149 150 151 153 157 158 159 160 161 162 163 164 165 166 167 168 169 170 171 172 173 174 178 179 180 181 182 183 184 185 186 190 193 194 195 196 197 198 199 200 202 203 204 209 210 211 212 213 214 215 216 217 219 222 226 227 228 231 232 233 234 235 236 244 248 249 250 251 253 264 265 266 267 268 269 282 283 284 #

136 8587042.0 9 10 11 12 14 15 16 25 26 27 28 29 30 31 32 33 44 45 46 47 48 49 50 61 62 63 64 65 66 67 79 81 82 84 98 99 100 101 115 116 117 133 139 140 150 168 169 178 184 185 186 190 191 194 195 196 201 202 203 207 208 212 213 214 215 216 217 218 219 220 221 223 224 225 231 232 233 234 235 236 237 238 239 240 241 243 244 248 249 250 251 252 253 254 258 259 261 262 266 267 268 269 270 271 279 280 281 282 283 284 285 286 287 288 289 #

136 8372518.0 9 11 12 13 14 15 25 26 27 28 29 30 32 33 42 43 44 45 46 47 48 49 58 59 60 61 62 64 65 66 67 76 77 78 81 82 83 92 93 94 95 96 97 98 99 100 101 111 112 114 115 116 117 128 129 130 131 132 143 144 145 146 147 148 150 161 162 163 164 165 166 167 178 179 180 181 184 185 186 193 194 195 196 197 202 203 208 209 210 211 212 213 214 219 221 225 226 227 228 231 238 239 240 241 242 243 244 245 250 258 259 260 261 268 277 #

137 502750.0 162 178 179 180 195 197 213 #

137 619234.0 69 195 212 213 214 231 232 #

137 565054.0 178 179 180 197 214 231 232 #

138 2089325.0 68 69 85 86 87 88 89 102 103 104 105 107 119 120 122 136 137 153 154 170 187 227 228 243 244 245 257 258 259 260 261 262 275 276 277 278 279 #

138 2725588.0 68 85 86 102 103 104 105 119 120 121 129 136 137 138 139 142 154 155 158 160 170 177 178 194 195 196 198 210 211 212 213 214 216 217 219 283 285 #

138 2659196.0 58 68 69 82 85 86 87 88 89 90 94 102 103 104 105 106 107 120 122 123 124 125 128 130 138 148 150 157 158 159 160 166 175 178 189 196 247 #

139 1592723.0 69 86 109 125 141 142 143 144 158 159 160 161 162 163 176 178 179 196 #

139 1900988.0 74 75 76 77 130 145 146 160 161 162 163 178 179 196 197 214 279 280 #

139 1862167.0 36 51 52 53 71 87 88 89 106 122 142 160 161 162 178 179 196 197 #

140 76560.0 23 #

141 8192670.0 3 4 5 6 7 8 9 10 11 14 15 21 22 23 24 25 26 27 29 30 31 32 33 39 40 41 42 43 44 45 46 47 48 49 50 55 57 58 59 60 61 62 63 64 65 66 70 71 75 76 77 78 79 82 85 86 87 88 89 94 95 96 97 98 99 103 104 105 106 112 113 114 116 120 126 127 128 129 130 132 142 143 149 155 158 159 160 161 162 167 176 177 178 179 187 201 202 204 205 217 234 235 236 239 240 241 242 243 251 252 253 254 255 257 258 259 260 269 271 273 274 275 276 277 283 285 288 #

141 9441049.0 6 7 8 13 14 15 16 23 24 25 27 30 31 32 36 41 42 43 44 45 46 47 48 49 50 53 60 61 62 63 64 66 77 78 79 84 89 90 94 95 96 97 105 106 107 110 111 112 113 114 119 121 124 125 127 128 130 132 133 136 137 139 140 141 142 143 144 145 146 147 148 149 156 157 158 159 161 163 164 165 179 180 181 182 183 184 185 186 195 199 200 202 203 208 218 219 220 221 222 230 236 237 238 239 240 241 246 251 252 253 254 255 262 263 264 265 269 270 271 272 273 274 275 285 286 287 288 #

141 8819466.0 4 7 9 14 15 16 22 23 24 25 27 29 30 31 32 33 40 41 42 43 44 45 46 47 48 49 50 54 55 56 57 60 61 62 63 64 65 66 67 74 75 77 78 79 81 82 83 84 90 91 93 94 95 96 97 98 99 100 101 107 108 109 111 112 113 114 115 116 120 121 123 124 125 126 128 129 130 138 139 140 141 142 143 146 151 152 155 157 158 159 160 167 174 184 185 186 201 202 203 207 218 219 220 223 228 236 237 238 239 240 241 245 255 256 257 269 270 273 274 275 276 278 279 280 281 285 286 #

142 912975.0 82 98 99 100 114 115 116 117 130 132 133 147 148 244 246 259 261 262 263 278 279 280 281 #

142 1329518.0 24 41 42 58 59 60 74 75 76 77 91 92 93 95 108 109 110 246 262 263 279 280 281 #

142 1295965.0 47 63 64 79 80 81 96 97 98 99 112 114 115 116 128 129 130 131 148 164 165 182 183 #

143 453269.0 93 109 110 126 127 128 129 143 144 145 161 #

143 673370.0 7 112 127 128 129 130 146 195 212 225 230 #

143 653632.0 76 77 78 91 92 93 94 95 96 111 112 #

144 4275942.0 8 9 10 12 24 25 26 27 28 29 41 42 43 44 45 47 56 57 58 59 60 61 62 63 64 65 66 69 71 76 77 78 79 81 82 87 88 89 94 95 96 97 98 99 103 104 105 106 112 113 114 115 116 121 122 123 127 132 138 139 158 #

144 5388393.0 4 5 6 7 8 9 10 11 12 21 22 23 24 25 26 28 29 37 40 41 42 43 45 46 47 57 58 59 60 62 63 64 65 74 75 76 77 78 79 80 81 90 92 93 94 95 96 97 101 112 143 239 241 242 246 255 256 257 259 273 274 #

144 5277618.0 5 6 9 11 12 13 14 24 26 27 28 29 30 31 32 33 42 43 44 45 46 47 48 49 59 60 61 62 63 64 65 66 74 75 76 77 78 79 80 81 82 83 92 93 94 95 96 97 98 99 100 112 115 116 143 178 179 197 247 262 264 #

145 665972.0 158 172 173 174 175 192 #

145 862535.0 174 175 222 223 238 239 #

145 803710.0 141 142 158 174 175 192 #

146 150690.0 64 #

147 87602.0 207 223 239 #

148 2497584.0 111 124 125 130 131 132 141 142 147 148 149 150 164 165 166 167 180 181 182 183 184 197 199 217 229 296 #

148 2277734.0 116 130 131 132 133 149 150 151 165 166 167 168 182 183 229 230 231 246 248 249 262 263 266 278 279 280 #

148 2216331.0 133 142 143 148 149 150 151 159 160 165 166 167 171 176 177 178 179 183 184 185 192 193 194 196 202 209 #

149 1366812.0 30 32 33 48 49 50 65 66 67 81 82 83 84 98 99 100 115 116 131 132 133 149 150 151 236 #

149 2004352.0 11 14 15 16 28 29 30 31 32 44 45 46 47 48 49 51 64 66 68 140 141 167 183 184 185 #

149 1880248.0 11 12 14 15 27 28 29 30 31 43 45 46 47 48 62 65 66 67 82 83 84 193 210 228 245 #

150 341869.0 212 213 229 230 247 248 249 266 #

150 418126.0 163 248 249 250 251 266 267 284 #

150 386124.0 214 215 231 232 233 249 261 278 #

151 2323718.0 47 65 82 202 219 220 234 236 237 249 250 251 253 254 265 266 267 268 269 285 #

151 2242767.0 175 234 235 236 237 250 251 252 253 254 264 265 266 267 268 269 283 285 286 287 #

151 2035858.0 55 56 186 203 219 220 221 231 235 236 237 238 239 240 252 253 254 256 271 275 #

152 1206706.0 7 9 10 11 12 25 26 27 28 43 45 61 238 #

152 1363827.0 8 9 10 11 12 13 25 27 28 29 42 45 46 #

152 1356363.0 4 7 8 9 21 22 24 25 26 27 37 42 43 #

153 3184213.0 72 88 89 90 92 106 107 109 124 125 139 140 141 142 143 146 149 156 157 158 159 160 171 172 173 174 175 188 189 190 191 192 208 225 #

153 3153875.0 30 31 32 33 48 66 75 89 92 106 110 121 122 123 124 125 126 127 139 140 141 142 143 156 158 159 160 161 172 173 174 175 176 192 #

153 3046253.0 30 47 48 71 88 89 104 105 106 107 121 122 124 125 138 139 140 141 156 158 171 172 173 187 188 189 190 191 205 207 223 224 241 250 #

154 2633481.0 70 71 72 87 89 105 106 142 143 144 148 160 165 166 178 183 194 195 201 211 212 213 217 227 228 229 234 244 245 250 260 267 268 284 285 #

154 3372735.0 55 72 73 88 89 90 91 93 97 104 105 106 107 108 109 110 121 122 124 125 126 127 142 144 145 148 149 150 151 156 165 166 167 183 184 #

154 3212372.0 8 9 10 11 12 25 42 54 55 73 88 89 90 92 93 98 105 106 107 108 109 123 124 125 126 139 140 141 142 143 144 160 161 198 214 #

155 4086633.0 54 59 74 75 76 77 78 83 90 92 94 95 100 101 107 117 118 131 133 134 135 151 152 168 169 184 185 186 190 202 203 205 218 219 220 222 223 224 235 236 237 252 253 254 271 287 296 #

155 4643935.0 42 43 58 79 122 131 132 133 139 148 149 151 152 164 165 166 167 168 169 181 182 183 184 185 186 195 199 200 201 202 203 213 214 219 220 231 235 236 237 248 249 250 251 253 265 266 271 #

155 4323688.0 6 47 63 64 81 82 83 94 99 100 101 115 116 117 118 131 132 133 134 135 149 150 151 152 166 167 168 169 184 185 186 199 200 201 202 203 218 219 220 223 235 236 237 252 253 254 271 #

156 79903.0 9 26 27 #

156 64859.0 9 26 43 #

156 63544.0 27 28 45 #

157 2450109.0 12 14 15 16 28 29 30 31 32 33 45 46 47 48 49 50 60 61 62 63 64 65 66 67 79 81 82 83 84 100 101 118 134 135 137 153 154 170 215 233 250 265 266 287 288 #

157 3654999.0 7 8 25 26 64 65 82 83 84 95 96 98 100 101 112 113 114 115 116 117 118 130 132 133 134 135 146 147 148 149 150 151 152 167 168 169 183 184 185 202 218 220 237 239 282 #

157 3636105.0 7 8 9 10 11 12 13 16 24 25 26 27 28 29 33 41 42 43 44 45 50 57 58 59 60 61 62 63 77 78 79 80 93 106 121 122 134 135 138 139 140 141 196 211 214 #

158 1921038.0 39 54 55 56 57 58 71 72 73 74 75 76 89 90 91 92 93 107 110 119 124 126 127 141 174 175 184 284 292 #

158 2457034.0 71 86 88 89 102 103 104 105 120 121 138 174 175 176 177 184 185 191 192 202 203 208 209 218 219 224 225 236 237 #

158 2375243.0 27 42 44 45 59 60 61 62 63 64 79 95 96 97 111 112 113 114 156 170 173 174 187 188 189 190 191 196 197 #


