9

366

194

87

0 251706.0 211 230 231 232 233 250 #

0 309415.0 210 211 230 231 250 270 #

0 307525.0 171 250 251 269 271 272 #

1 312431.0 255 256 257 276 308 #

1 413449.0 105 164 254 255 273 #

1 375904.0 256 257 258 275 276 #

2 124474.0 21 22 40 41 #

2 164314.0 20 39 40 41 #

2 146361.0 4 21 22 225 #

3 283034.0 187 188 207 319 320 #

3 408743.0 299 318 319 320 337 #

3 340277.0 188 206 207 319 320 #

4 345839.0 205 224 242 243 244 262 #

4 396066.0 203 204 205 221 222 241 #

4 353223.0 39 159 178 204 223 242 #

5 444192.0 317 318 319 335 336 337 #

5 553776.0 318 319 321 337 338 339 #

5 472133.0 90 318 319 320 321 339 #

6 262672.0 270 271 290 308 309 #

6 334643.0 109 288 289 290 291 #

6 326824.0 190 209 290 308 309 #

7 347958.0 294 295 296 297 313 314 #

7 477106.0 13 261 279 297 298 316 #

7 419796.0 294 295 296 311 312 313 #

8 158635.0 17 36 #

8 169195.0 36 37 #

9 204958.0 156 175 #

9 213239.0 156 157 #

9 134859.0 175 176 #

10 179762.0 190 209 210 #

10 154544.0 190 191 209 #

10 125714.0 171 190 191 #

11 42466.0 304 #

12 82454.0 58 74 #

12 113917.0 58 76 #

13 109863.0 156 #

14 103240.0 63 #

15 412691.0 68 69 87 237 256 308 348 #

15 484746.0 48 49 66 67 68 69 115 #

15 462272.0 67 68 69 70 87 88 89 #

16 59703.0 229 #

17 61234.0 143 #

18 438605.0 317 318 319 336 337 338 #

18 453073.0 318 319 336 337 338 356 #

18 446099.0 301 317 318 319 320 339 #

19 18953.0 351 #

20 91827.0 169 #

21 288918.0 136 137 155 189 297 298 #

21 371912.0 30 49 67 86 100 136 #

21 361976.0 249 268 296 297 298 316 #

22 51056.0 299 #

23 92463.0 328 347 #

23 80996.0 347 348 #

24 114834.0 30 50 69 #

24 164996.0 68 69 88 #

24 103858.0 50 231 250 #

25 285091.0 333 334 335 351 352 353 #

25 374214.0 248 266 267 285 352 353 #

25 342743.0 297 298 316 317 334 335 #

26 123477.0 279 326 #

26 174782.0 106 279 #

26 98151.0 326 345 #

27 45008.0 88 #

28 128724.0 160 179 180 #

28 149136.0 160 161 162 #

29 207271.0 143 144 163 #

29 254858.0 143 163 164 #

29 170911.0 124 142 144 #

30 179375.0 187 188 207 208 #

30 223798.0 187 189 207 208 #

30 179840.0 160 161 168 187 #

31 137178.0 222 241 242 #

31 196802.0 241 242 261 #

31 183127.0 203 222 241 #

32 581133.0 48 66 67 84 85 86 103 104 253 #

32 681555.0 0 19 38 66 85 104 105 261 279 #

32 676606.0 13 49 65 66 67 68 86 87 105 #

33 324568.0 57 76 95 114 #

33 289637.0 114 133 293 294 #

33 256423.0 57 58 76 95 #

34 113563.0 106 125 #

34 72351.0 124 125 #

35 208545.0 203 221 222 #

35 240108.0 203 221 240 #

35 156797.0 201 221 222 #

36 143047.0 141 160 179 #

36 148890.0 137 179 180 #

37 56138.0 95 #

38 194123.0 261 262 #

38 157164.0 110 261 #

39 29205.0 155 #

40 166645.0 6 22 23 24 42 #

40 247407.0 23 262 263 264 281 #

40 242938.0 6 7 25 26 27 #

41 82169.0 101 102 121 140 #

41 114891.0 102 103 121 122 #

42 66242.0 113 #

43 142481.0 244 263 281 #

43 196737.0 60 262 263 #

43 181523.0 263 281 282 #

44 491153.0 224 243 244 262 280 299 300 318 #

44 621457.0 133 152 243 261 262 263 281 288 #

44 579361.0 61 63 151 281 298 299 300 318 #

45 229120.0 149 150 205 #

45 248816.0 18 150 355 #

45 242855.0 149 167 168 #

46 175532.0 329 346 347 348 #

46 260756.0 317 318 329 330 #

46 251304.0 347 348 349 350 #

47 56970.0 115 #

48 566217.0 69 86 87 88 89 106 276 #

48 587533.0 89 154 267 285 286 287 306 #

48 505220.0 67 85 86 150 151 217 236 #

49 80943.0 211 230 #

49 101334.0 211 229 #

50 210794.0 116 117 136 155 #

50 290457.0 136 154 155 156 #

50 241710.0 96 115 116 134 #

51 338773.0 127 209 263 280 281 358 #

51 384386.0 10 182 183 184 339 358 #

51 374963.0 157 168 176 281 300 346 #

52 70089.0 78 97 #

52 39752.0 78 207 #

53 184987.0 260 261 #

53 119553.0 261 280 #

54 23600.0 172 #

55 114274.0 184 203 #

55 141254.0 203 204 #

56 65487.0 361 #

57 12431.0 347 #

58 59524.0 222 223 #

58 80116.0 223 242 #

59 36327.0 14 #

60 326101.0 87 106 107 221 225 #

60 359265.0 106 107 126 145 164 #

60 355632.0 86 87 104 105 106 #

61 181081.0 211 212 213 231 #

61 224448.0 54 212 213 232 #

61 217532.0 193 211 212 307 #

62 258679.0 141 142 160 179 #

62 264769.0 56 142 161 162 #

62 225926.0 141 160 161 179 #

63 49815.0 354 #

64 183763.0 346 347 348 #

64 202180.0 328 347 348 #

64 195683.0 328 346 347 #

65 179166.0 34 35 36 55 #

65 232643.0 35 36 53 54 #

65 137516.0 37 55 56 75 #

66 405039.0 272 273 290 291 292 310 #

66 472497.0 199 254 273 274 275 292 #

66 433965.0 310 311 312 330 349 350 #

67 65942.0 311 #

68 19427.0 141 #

69 714397.0 239 255 256 257 258 259 274 275 276 277 278 #

69 757651.0 88 89 106 107 108 126 259 260 276 277 278 #

69 752145.0 84 85 253 254 255 256 257 273 274 275 276 #

70 75900.0 340 #

71 38502.0 171 #

72 420713.0 210 307 323 324 325 342 344 #

72 493258.0 110 128 269 288 306 307 325 #

72 463597.0 190 209 210 229 255 273 274 #

73 216631.0 205 224 225 244 #

73 281310.0 118 186 205 224 #

73 252584.0 205 206 225 250 #

74 450525.0 1 48 118 136 137 156 #

74 542241.0 138 139 156 157 175 176 #

74 377998.0 0 11 30 48 49 152 #

75 17460.0 22 #

76 36742.0 61 #

77 156144.0 142 143 #

77 167807.0 143 163 #

77 163581.0 105 142 #

78 72631.0 105 #

79 46553.0 257 #

80 185148.0 273 292 312 #

80 188247.0 153 253 273 #

80 176248.0 293 312 330 #

81 181811.0 217 236 255 #

81 229678.0 216 236 255 #

81 224853.0 215 216 236 #

82 195619.0 152 153 171 172 #

82 275581.0 115 134 152 153 #

82 248422.0 133 152 153 171 #

83 168615.0 47 48 #

83 116213.0 48 305 #

84 187300.0 156 175 #

84 176159.0 157 175 #

85 148520.0 203 204 #

85 163193.0 202 203 #

85 134788.0 204 205 #

86 945740.0 110 111 112 124 125 126 127 128 144 145 146 147 164 166 167 #

86 1038238.0 116 126 127 128 143 144 145 146 161 162 163 164 165 182 184 #

86 1021121.0 26 110 111 112 128 129 130 147 148 149 169 179 185 198 204 #


