2

53

56

17

0 301646.0 3 30 37 38 43 #

0 346384.0 25 32 38 39 45 #

0 318792.0 1 2 3 6 8 #

0 303095.0 30 31 32 37 38 #

1 240687.0 32 33 39 40 #

1 283697.0 39 40 43 46 #

1 267255.0 3 25 31 32 #

1 175784.0 25 33 41 48 #

2 51356.0 5 #

3 202212.0 8 32 37 38 46 #

3 296571.0 4 5 6 40 46 #

3 245548.0 0 18 24 30 32 #

3 222753.0 30 36 37 38 41 #

4 202998.0 1 2 3 8 #

4 244161.0 2 10 11 44 #

4 238718.0 8 16 35 43 #

4 231570.0 0 1 7 50 #

5 776030.0 5 6 12 13 17 18 19 20 25 27 33 39 #

5 753161.0 5 6 17 18 19 20 24 25 32 38 39 45 #

5 716447.0 2 5 6 10 11 12 13 18 19 20 27 42 #

5 694201.0 2 5 6 10 11 12 13 17 18 19 20 26 #

6 1043287.0 0 1 2 3 7 9 10 11 14 15 16 21 22 23 28 29 44 #

6 1196239.0 1 7 8 14 15 21 22 23 25 28 29 30 31 36 38 43 44 #

6 1115106.0 1 2 3 7 10 11 15 17 21 22 23 25 29 31 36 38 44 #

6 1111303.0 14 15 21 22 23 25 28 29 31 33 35 36 39 43 44 45 46 #

7 164359.0 4 11 12 #

7 194714.0 4 11 19 #

7 168749.0 2 11 19 #

7 134833.0 12 19 20 #

8 42985.0 27 #

9 25866.0 41 #

10 558372.0 4 5 6 12 13 20 25 27 33 39 #

10 655038.0 0 1 7 8 14 26 28 33 39 40 #

10 607765.0 8 16 17 18 24 25 29 31 32 38 #

10 568616.0 4 5 6 9 10 11 16 17 18 24 #

11 175236.0 35 36 42 #

11 252844.0 35 42 43 #

11 110011.0 28 36 43 #

12 172098.0 21 22 #

12 166778.0 14 22 #

13 427537.0 3 28 35 36 42 43 44 #

13 506045.0 13 29 35 36 43 44 45 #

13 456101.0 10 28 35 36 42 43 44 #

13 454532.0 3 22 29 35 36 43 44 #

14 684085.0 0 1 2 7 8 10 11 14 16 19 52 #

14 740018.0 1 7 8 14 16 17 19 22 24 25 28 #

14 701381.0 0 1 2 7 8 14 16 17 18 24 25 #

14 698748.0 1 2 7 8 12 13 14 19 20 41 52 #

15 262866.0 25 31 32 38 #

15 332027.0 7 14 31 32 #

15 257451.0 14 31 32 38 #

15 257114.0 18 25 33 39 #

16 320027.0 25 28 32 33 38 39 41 #

16 465618.0 0 37 38 39 40 44 45 #

16 429873.0 14 21 22 28 41 48 51 #

16 357211.0 11 19 20 27 40 41 47 #


