2

292

1052

481

0 282193.0 8 193 194 #

0 226627.0 193 194 211 #

0 222932.0 176 192 193 #

1 540438.0 194 209 210 211 212 226 #

1 670287.0 209 211 226 227 228 244 #

1 634060.0 2 193 209 210 225 226 #

2 453946.0 3 11 12 28 158 175 250 #

2 644399.0 157 158 159 160 175 176 177 #

2 578971.0 139 140 155 156 157 158 161 #

3 324605.0 162 163 281 #

3 367474.0 162 163 180 #

3 300076.0 246 263 281 #

4 78104.0 179 #

5 599262.0 244 245 262 263 278 279 280 #

5 763363.0 244 248 256 257 272 273 274 #

5 528206.0 16 32 33 71 260 277 278 #

6 319772.0 58 59 75 76 #

6 448503.0 59 75 204 205 #

6 311264.0 59 60 75 76 #

7 228741.0 5 160 #

7 203401.0 142 160 #

7 92069.0 5 6 #

8 142330.0 252 270 286 #

8 149587.0 252 270 288 #

8 140703.0 270 286 287 #

9 36348.0 96 #

10 1093756.0 69 76 87 104 105 106 121 122 124 138 250 #

10 941881.0 69 70 87 88 89 104 105 106 120 121 122 #

10 940141.0 51 53 68 69 70 85 86 87 88 105 106 #

11 974636.0 175 178 179 180 193 194 195 196 210 211 227 265 #

11 1255102.0 123 160 161 162 177 178 179 193 194 195 245 261 #

11 1246296.0 142 160 161 177 178 179 180 193 194 196 197 213 #

12 225687.0 216 233 #

13 203991.0 198 216 #

14 465647.0 239 241 257 259 #

14 416589.0 242 257 259 275 #

14 347429.0 239 241 242 257 #

15 113085.0 177 #

16 142030.0 254 #

17 185132.0 42 58 60 #

17 256662.0 58 75 76 #

17 144740.0 42 60 78 #

18 34654.0 50 #

19 774822.0 18 72 74 88 89 90 107 108 109 124 #

19 1072262.0 38 39 40 56 57 71 72 74 88 90 #

19 1049458.0 21 39 40 41 56 57 72 74 88 90 #

20 93858.0 0 #

21 184048.0 18 19 35 #

21 193149.0 17 18 34 #

21 175290.0 17 34 35 #

22 261702.0 160 161 178 195 #

22 370994.0 124 142 160 178 #

22 335503.0 161 162 178 179 #

23 5162.0 97 #

24 157132.0 10 26 #

25 159314.0 285 #

26 227339.0 88 105 122 249 #

26 311272.0 87 104 105 122 #

26 223802.0 122 123 124 125 #

27 167136.0 86 102 #

27 202972.0 86 103 #

28 135672.0 49 #

29 273019.0 13 14 143 144 #

29 356063.0 13 29 30 46 #

29 300226.0 14 15 126 144 #

30 151595.0 125 142 #

30 208073.0 125 143 #

31 253692.0 64 211 227 #

31 247976.0 195 211 212 #

31 146655.0 64 80 81 #

32 511779.0 73 74 91 92 108 109 #

32 560595.0 58 73 74 75 92 284 #

32 480803.0 40 56 73 91 108 109 #

33 61393.0 137 219 #

34 98040.0 153 #

35 60851.0 27 #

36 477820.0 111 112 126 127 #

36 397628.0 110 111 112 127 #

36 397087.0 38 126 127 143 #

37 204184.0 196 248 273 #

37 269676.0 256 257 273 #

38 165474.0 247 #

39 113060.0 255 #

40 319765.0 96 112 114 130 #

40 382656.0 129 130 147 148 #

40 270830.0 95 96 112 128 #

41 38002.0 1 17 #

41 10795.0 17 35 #

41 2870.0 1 18 #

42 149147.0 185 202 #

42 181239.0 202 203 #

43 94235.0 185 #

44 217567.0 124 140 #

44 237949.0 85 124 #

44 150441.0 122 140 #

45 147379.0 8 #

46 57898.0 7 142 #

47 850034.0 154 155 170 171 172 173 188 189 204 206 207 221 222 #

47 981876.0 157 170 171 173 187 188 189 204 205 206 218 223 241 #

47 964890.0 53 69 121 138 154 162 179 180 217 237 254 271 288 #

48 268403.0 83 84 101 #

48 294398.0 66 83 101 #

48 231243.0 67 83 84 #

49 456180.0 40 148 163 164 165 181 #

49 596588.0 116 130 132 147 148 164 #

49 571813.0 146 147 148 162 163 164 #

50 20889.0 271 #

51 163974.0 107 123 #

51 117451.0 106 107 #

51 111362.0 123 124 #

52 182536.0 34 241 #

52 225041.0 18 34 #

52 197138.0 223 241 #

53 207831.0 6 7 8 #

53 265067.0 8 26 44 #

53 195264.0 6 7 240 #

54 255220.0 57 73 91 200 217 #

54 338554.0 182 199 200 216 272 #

54 337930.0 20 38 39 56 57 #

55 71250.0 64 #

56 330790.0 78 94 112 129 130 147 148 #

56 471556.0 112 113 129 147 148 165 166 #

56 444990.0 96 97 109 111 112 126 127 #

57 104152.0 78 96 112 #

58 132223.0 79 #

57 81114.0 96 97 112 #

59 20220.0 164 #

60 306968.0 4 162 163 289 #

60 329979.0 217 218 234 289 #

60 317784.0 4 5 150 167 #

61 58341.0 102 #

62 636283.0 13 14 28 29 30 39 46 #

62 679421.0 9 10 25 27 28 43 266 #

62 565892.0 13 14 28 29 30 32 33 #

63 83903.0 10 #

64 261379.0 243 244 #

64 173122.0 228 244 #

64 137021.0 243 261 #

65 119582.0 99 #

66 167442.0 100 281 #

67 231593.0 82 100 116 #

67 311276.0 98 99 116 #

67 156865.0 82 100 166 #

68 320050.0 132 148 166 182 #

68 466227.0 181 182 199 216 #

68 386139.0 132 148 150 167 #

69 257526.0 13 28 29 #

69 307752.0 13 14 30 #

69 249184.0 29 45 47 #

70 110271.0 1 16 17 38 114 130 #

70 156954.0 15 16 32 47 48 50 #

71 401840.0 172 190 191 208 #

71 402833.0 191 192 208 226 #

71 359071.0 190 191 192 208 #

72 770130.0 11 12 13 14 29 30 32 47 #

72 872332.0 11 12 13 14 15 29 30 32 #

72 854363.0 13 14 15 32 50 66 196 212 #

73 188181.0 41 57 73 #

73 163891.0 39 57 272 #

74 111104.0 41 #

75 164041.0 98 #

76 217143.0 52 53 #

76 195735.0 53 71 #

76 140587.0 52 70 #

77 110190.0 53 #

78 214072.0 143 160 #

78 162919.0 45 160 #

79 84966.0 103 #

80 188111.0 181 198 #

80 203767.0 180 198 #

80 137515.0 165 181 #

81 403997.0 199 217 218 235 236 #

81 346363.0 48 64 219 220 236 #

81 345109.0 75 216 217 234 235 #

82 173086.0 37 291 #

82 171057.0 132 291 #

82 88065.0 19 37 #

83 94769.0 42 #

84 314674.0 123 140 156 174 #

84 313109.0 47 124 140 156 #

84 252686.0 156 173 174 261 #

85 440370.0 147 163 164 165 182 200 201 #

85 613016.0 132 147 148 149 150 163 164 #

85 489327.0 147 148 163 164 179 180 196 #

86 678706.0 6 22 23 39 40 215 232 233 #

86 726465.0 215 232 233 234 250 267 268 285 #

86 697461.0 21 22 23 39 56 73 279 280 #

87 144345.0 172 #

88 155403.0 85 102 103 121 #

88 222717.0 102 103 104 157 #

88 198480.0 85 102 234 250 #

89 291542.0 197 213 214 #

89 257133.0 197 213 231 #

89 211200.0 142 214 232 #

90 706067.0 9 25 26 42 43 44 61 62 #

90 747175.0 8 9 24 26 43 66 82 83 #

90 698384.0 9 10 26 28 42 43 59 281 #

91 54283.0 195 196 #

92 94317.0 178 196 #

93 117442.0 95 113 130 #

94 139781.0 147 #

95 268548.0 172 190 191 #

95 302508.0 154 170 172 #

95 146232.0 191 192 208 #

96 699121.0 133 149 150 151 152 168 169 185 186 202 #

96 952496.0 116 131 132 150 151 152 168 186 255 256 #

96 849716.0 133 149 150 151 152 166 167 168 169 186 #

97 100197.0 210 #

98 91369.0 111 #

99 115736.0 118 #

100 753582.0 3 4 20 36 38 194 211 227 229 #

100 993364.0 194 211 227 228 244 245 260 261 277 #

100 835279.0 3 4 20 21 37 38 55 71 152 #

101 168139.0 142 288 #

101 216491.0 142 143 #

102 82012.0 288 #

103 143722.0 11 #

104 392617.0 155 156 157 173 291 #

104 348917.0 137 139 155 156 173 #

104 348718.0 9 157 181 199 200 #

105 549268.0 37 54 55 56 57 275 #

105 689539.0 39 40 55 56 57 72 #

105 628814.0 55 56 72 73 126 143 #

106 113970.0 291 #

107 133784.0 185 202 #

107 186433.0 168 185 #

107 184360.0 184 202 #

108 360214.0 53 70 87 103 104 #

108 425113.0 69 87 88 104 122 #

108 379410.0 69 72 87 88 104 #

109 879605.0 226 227 228 243 245 259 260 261 #

109 873460.0 210 226 227 243 244 260 261 278 #

109 844426.0 210 226 227 242 243 258 259 261 #

110 189357.0 176 192 #

110 190518.0 176 193 #

110 174775.0 192 256 #

111 141723.0 60 77 #

111 182243.0 44 60 #

111 78715.0 77 95 #

112 212404.0 242 243 260 #

112 221764.0 226 243 244 #

113 136796.0 242 #

114 661250.0 75 76 93 109 110 125 126 141 142 #

114 874871.0 7 107 109 110 123 124 125 126 144 #

114 863163.0 94 95 96 110 112 125 126 141 144 #

115 228761.0 115 116 132 134 #

115 298367.0 115 132 150 166 #

115 247844.0 116 118 132 134 #

116 54760.0 176 192 #

117 1179751.0 75 76 87 93 94 104 110 111 112 121 122 #

117 1039502.0 51 68 69 86 87 103 104 121 150 253 271 #

117 1030926.0 60 76 77 91 93 109 110 126 143 160 276 #

118 490911.0 57 73 74 90 266 282 #

118 663778.0 22 40 57 74 132 150 #

118 542244.0 73 243 259 260 277 278 #

119 211401.0 1 2 18 35 #

119 260484.0 1 2 17 18 #

119 159090.0 1 17 18 19 #

120 262455.0 125 142 143 144 161 #

120 299300.0 108 124 140 142 143 #

120 280646.0 111 128 144 145 161 #

121 95752.0 46 62 84 #

122 110424.0 114 115 132 #

123 552213.0 157 175 190 191 192 208 229 252 #

123 721100.0 155 172 173 174 189 190 191 208 #

123 714834.0 160 175 176 191 192 208 209 226 #

124 127981.0 239 #

125 4997.0 283 #

126 16336.0 279 #

127 73596.0 36 #

128 757615.0 63 234 235 251 252 253 271 285 286 287 288 #

128 1048362.0 18 123 146 147 162 163 164 179 180 196 253 #

128 806127.0 26 129 147 200 201 217 234 235 251 253 269 #

129 237086.0 129 173 189 #

129 289359.0 173 174 189 #

129 277768.0 95 113 129 #

130 758781.0 8 59 60 76 235 251 268 269 285 #

130 865224.0 111 112 128 251 252 268 269 284 285 #

130 819402.0 2 40 42 57 59 60 75 76 77 #

131 110283.0 87 #

132 26953.0 7 #

133 180231.0 214 215 232 #

133 212104.0 164 215 232 #

133 187916.0 155 213 214 #

134 693689.0 3 21 39 57 263 279 280 #

134 661958.0 3 4 5 21 83 84 101 #

134 613601.0 39 56 57 58 72 74 110 #

135 330182.0 43 108 109 239 240 #

135 447538.0 51 207 223 224 240 #

135 410024.0 108 109 110 111 112 #

136 46395.0 276 #

137 227510.0 108 109 125 141 #

137 244594.0 93 109 110 125 #

137 229808.0 92 107 108 285 #

138 317008.0 251 252 253 269 270 286 #

138 331321.0 236 252 269 270 271 285 #

138 318893.0 235 251 252 269 270 286 #

139 471123.0 182 183 200 217 233 250 #

139 513977.0 216 217 218 233 234 250 #

139 489861.0 157 164 181 182 183 200 #

140 215894.0 81 82 #

141 414850.0 94 110 126 #

141 330005.0 109 125 126 #

141 229553.0 93 94 95 #

142 352750.0 110 126 144 145 #

142 388248.0 128 144 145 162 #

142 386179.0 126 144 145 162 #

143 334433.0 245 261 277 #

143 421342.0 77 261 277 #

143 417093.0 260 261 277 #

144 126640.0 173 #

145 190904.0 264 280 281 #

145 193869.0 263 279 281 #

146 77196.0 131 #

147 87823.0 179 196 #

147 113186.0 161 179 #

147 56123.0 178 196 #

148 141634.0 132 #

149 370687.0 255 256 272 #

149 273178.0 57 238 256 #

149 254138.0 255 273 274 #

150 366408.0 114 220 236 237 254 271 #

150 436562.0 202 220 235 236 253 254 #

150 417151.0 97 113 114 130 131 132 #

151 164439.0 203 #

152 111273.0 201 #

153 141508.0 66 #

154 47162.0 176 #

155 445445.0 234 251 268 269 270 285 286 #

155 535817.0 218 233 234 235 250 253 254 #

155 524799.0 16 233 234 250 251 268 269 #

156 242858.0 82 98 138 #

156 317273.0 96 97 98 #

156 297332.0 82 97 98 #

157 87242.0 58 75 #

158 70458.0 58 #

159 412157.0 210 211 226 227 #

159 410440.0 210 211 225 226 #

159 390308.0 177 193 211 227 #

160 66742.0 197 198 214 #

161 124610.0 218 234 #

162 205869.0 180 196 #

162 178838.0 164 180 #

162 161837.0 178 196 #

163 292474.0 159 174 175 #

163 342483.0 142 159 175 #

163 238149.0 175 244 260 #

164 51638.0 107 108 #

165 343406.0 27 45 46 61 63 #

165 480035.0 27 44 45 46 64 #

165 477996.0 10 11 27 28 45 #

166 169841.0 77 93 #

166 126231.0 75 93 #

166 70777.0 77 78 #

167 131563.0 121 #

168 84181.0 154 #

169 596525.0 3 21 22 39 40 57 173 #

169 659228.0 4 5 21 22 23 39 41 #

169 649521.0 5 21 22 23 39 40 57 #

170 349284.0 64 80 96 97 113 #

170 507905.0 97 114 130 203 219 #

170 394514.0 96 97 113 129 147 #

171 323196.0 82 99 #

171 245568.0 66 82 #

172 118353.0 162 #

173 162123.0 180 #

174 179816.0 62 63 #

175 67160.0 168 #

176 740545.0 87 128 202 203 219 220 236 237 254 #

176 840629.0 30 31 220 236 237 254 267 277 285 #

176 766612.0 68 85 124 142 235 236 237 253 254 #

177 140354.0 107 124 #

177 208217.0 124 125 #

177 114541.0 107 123 #

178 159120.0 169 186 #

178 184571.0 152 169 #

178 103582.0 168 186 #

179 343031.0 126 142 143 #

179 217515.0 125 143 144 #

179 214083.0 109 125 126 #

180 119471.0 176 233 #

180 141832.0 159 176 #

181 188252.0 119 120 #

181 264332.0 120 136 #

181 153131.0 103 119 #

182 390645.0 152 168 169 183 184 #

182 421836.0 168 184 186 200 201 #

182 397807.0 152 168 169 185 201 #

183 423647.0 49 67 83 84 101 #

183 507652.0 67 84 100 224 225 #

183 499382.0 17 18 66 67 83 #

184 71743.0 275 #

185 331317.0 189 232 233 250 #

185 395941.0 149 150 166 183 #

186 205657.0 119 120 136 #

186 218944.0 103 119 120 #

186 166644.0 120 136 137 #

187 143986.0 259 #

188 133331.0 22 158 159 #

189 371663.0 103 119 136 153 170 171 #

189 523782.0 119 136 137 166 183 184 #

189 463805.0 85 87 88 103 104 119 #

190 182664.0 137 155 #

190 257313.0 155 156 #

190 184286.0 136 137 #

191 172351.0 0 1 2 17 #

191 249827.0 17 34 35 52 #

191 180110.0 0 1 17 291 #

192 750100.0 68 86 87 88 102 103 105 121 137 #

192 877157.0 68 85 86 87 102 103 121 218 234 #

192 842903.0 51 68 69 85 86 87 103 104 121 #

193 173201.0 150 #

194 406991.0 60 76 77 93 109 110 #

194 508846.0 93 110 111 126 144 161 #

194 423091.0 48 66 93 94 110 111 #

195 245667.0 222 238 239 #

195 229530.0 238 239 256 #

195 178629.0 205 221 222 #

196 145728.0 47 #

197 315826.0 201 217 218 235 253 #

197 463244.0 21 201 218 219 237 #

197 460437.0 216 217 232 233 250 #

198 325955.0 150 166 167 #

198 378634.0 150 152 168 #

198 237360.0 166 208 224 #

199 531110.0 0 1 2 3 18 19 37 38 #

199 639283.0 0 1 18 19 190 206 207 223 #

199 592329.0 37 38 54 55 71 283 284 290 #

200 134878.0 226 #

201 128099.0 155 #

202 63349.0 19 #

203 118836.0 281 #

204 123053.0 284 #

205 114770.0 2 19 #

205 30112.0 19 233 #

206 398810.0 117 118 132 133 135 150 151 #

206 591720.0 132 150 151 246 262 263 279 #

206 393895.0 118 134 135 151 166 167 169 #

207 216487.0 1 17 18 34 #

207 200090.0 0 1 18 35 #

207 200038.0 17 18 34 35 #

208 96291.0 111 129 #

208 122039.0 128 129 #

209 222144.0 277 278 #

209 265725.0 261 277 #

209 158139.0 260 278 #

210 123473.0 32 #

211 206978.0 15 66 #

211 144890.0 57 66 #

211 137592.0 14 15 #

212 398110.0 4 45 62 78 79 80 96 #

212 540202.0 27 28 42 43 45 61 150 #

212 527407.0 41 57 59 61 78 79 94 #

213 102981.0 141 #

214 103488.0 183 #

215 176780.0 250 251 267 285 #

215 241469.0 267 268 269 285 #

215 176693.0 216 234 250 267 #

216 247759.0 258 259 276 #

216 307483.0 258 259 274 #

216 227024.0 259 275 276 #

217 133422.0 155 173 190 #

218 196563.0 8 26 #

219 521626.0 11 27 28 29 45 47 #

219 605042.0 11 12 28 29 120 136 #

219 521783.0 11 12 13 28 29 47 #

220 140907.0 169 186 #

220 151144.0 186 202 #

221 11929.0 246 #

222 20057.0 264 #

223 606831.0 21 39 40 57 74 #

223 434530.0 23 39 41 57 74 #

223 433341.0 20 21 36 218 236 #

224 301134.0 46 162 180 #

224 306332.0 162 180 198 #

224 296788.0 161 162 163 #

225 284016.0 113 131 148 149 #

225 321816.0 97 113 114 115 #

225 300785.0 115 131 133 149 #

226 354434.0 29 30 257 273 #

226 431767.0 255 256 257 273 #

226 385597.0 139 255 256 273 #

227 303782.0 1 17 18 19 20 35 36 37 #

227 420896.0 17 34 79 95 96 220 236 237 #

227 415777.0 1 17 18 19 34 35 51 69 #

228 172708.0 83 #

229 198262.0 127 143 144 #

229 170673.0 127 128 146 #

229 146944.0 142 143 160 #

230 57719.0 205 #

231 17023.0 46 236 #

232 133091.0 199 #

233 49616.0 22 #

234 42889.0 39 #

235 99242.0 221 #

236 476242.0 258 259 274 275 276 #

236 534939.0 242 258 259 275 276 #

236 533584.0 82 258 259 275 276 #

237 796797.0 21 226 227 228 243 244 245 261 #

237 778308.0 226 228 243 244 245 246 261 264 #

237 744407.0 210 228 244 245 246 261 262 277 #

238 475705.0 103 104 119 120 136 #

238 489062.0 87 103 104 119 136 #

238 469840.0 85 87 103 104 120 #

239 19084.0 190 #

240 185848.0 176 177 #

240 181975.0 177 193 #

241 356786.0 6 24 25 41 121 138 140 156 #

241 480043.0 4 5 6 18 22 24 132 149 #

241 441509.0 23 39 41 140 141 158 159 175 #

242 464419.0 56 57 73 74 91 #

242 525892.0 73 91 107 123 124 #

242 485764.0 57 58 73 74 91 #

243 212141.0 87 88 89 105 #

243 306628.0 89 105 121 122 #

243 293328.0 52 69 70 87 #

244 135061.0 267 283 284 #

244 169112.0 266 283 284 #

244 166207.0 250 267 284 #

245 639481.0 136 197 199 215 232 250 #

245 555671.0 130 182 199 215 216 233 #

245 487267.0 214 215 233 249 250 265 #

246 262601.0 86 102 184 #

246 359682.0 68 69 86 #

246 296103.0 150 167 184 #

247 287582.0 7 8 9 10 27 43 #

247 401219.0 42 43 58 59 62 75 #

247 371735.0 10 27 28 238 256 272 #

248 200738.0 254 270 271 288 #

248 271137.0 237 254 271 288 #

248 261893.0 253 254 271 288 #

249 83824.0 97 114 115 #

122 238269.0 111 112 128 #

250 256140.0 198 199 215 #

250 256821.0 199 216 234 #

250 250427.0 180 198 215 #

251 238620.0 269 285 #

252 196058.0 114 115 #

252 85167.0 114 130 #

253 115229.0 168 186 #

253 167309.0 186 203 #

254 199201.0 123 139 140 #

254 234890.0 139 140 157 #

254 196792.0 107 123 124 #

255 38168.0 268 #

256 77558.0 228 245 #

257 32031.0 229 #

258 134577.0 277 #

259 255970.0 17 35 51 #

260 92624.0 114 131 #

92 228233.0 160 178 #

92 262989.0 160 260 #

261 85990.0 3 #

262 167488.0 51 #

263 431869.0 69 86 87 102 103 #

263 561030.0 35 51 53 68 69 #

263 502375.0 86 87 102 103 120 #

264 59375.0 248 #

265 53870.0 171 #

266 223862.0 1 17 271 284 285 #

266 251462.0 266 267 268 283 284 #

266 161360.0 60 253 254 270 271 #

267 123120.0 187 188 #

267 184154.0 171 187 #

268 1380766.0 51 52 54 55 56 68 69 70 71 72 87 88 89 104 105 167 238 #

269 246691.0 40 57 #

270 157858.0 200 #

271 14561.0 17 192 #

272 273624.0 125 138 142 143 154 #

272 381889.0 125 142 143 159 257 #

272 365849.0 153 154 170 188 206 #

273 127586.0 216 #

274 119656.0 157 #

275 675421.0 37 54 57 72 73 75 93 94 #

276 192191.0 218 219 #

276 274541.0 201 218 #

276 194529.0 201 219 #

277 434264.0 143 160 161 176 177 #

277 547253.0 157 160 176 177 193 #

277 448411.0 160 161 162 179 180 #

278 229686.0 113 114 131 #

278 225931.0 97 114 115 #

278 202420.0 88 113 114 #

279 565133.0 91 109 110 124 125 126 127 #

279 695773.0 110 126 127 145 187 205 256 #

279 571186.0 91 92 108 109 110 126 127 #

259 239955.0 35 53 69 #

259 343340.0 51 69 87 #

280 105260.0 250 266 #

280 26204.0 250 251 #

281 326314.0 83 84 101 #

281 368721.0 67 83 84 #

281 308195.0 11 84 101 #

282 545987.0 155 171 172 188 189 206 #

282 712064.0 157 173 188 189 206 223 #

282 580128.0 138 154 172 188 189 206 #

283 156505.0 173 174 #

283 183997.0 173 190 #

283 79640.0 143 174 #

284 16328.0 105 #

285 162095.0 211 227 #

286 121119.0 25 #

287 73988.0 258 276 #

288 72298.0 230 #

289 106200.0 191 #

290 78690.0 225 #

291 255430.0 39 57 58 #

291 284152.0 5 22 39 #

291 245289.0 57 58 74 #

292 224958.0 97 113 114 #

292 267369.0 97 98 113 #

293 203028.0 97 113 #

294 54270.0 235 #

295 547076.0 142 160 177 178 #

295 494488.0 160 178 195 196 #

295 407359.0 178 194 211 229 #

296 167937.0 277 278 #

296 112144.0 260 278 #

297 94522.0 26 #

298 428924.0 5 6 7 8 25 #

298 471864.0 7 8 131 177 193 #

298 396052.0 7 8 9 25 113 #

299 269772.0 188 206 222 240 #

299 369863.0 240 257 258 275 #

299 312265.0 188 189 206 222 #

300 421187.0 79 80 96 97 98 229 #

300 611205.0 97 98 113 114 130 272 #

300 464774.0 229 246 247 262 263 264 #

301 135339.0 17 18 #

301 172312.0 1 18 #

301 168601.0 1 17 #

302 346753.0 26 43 44 61 198 214 215 #

302 503975.0 28 44 46 47 62 79 80 #

302 468914.0 164 180 198 216 232 233 276 #

303 105042.0 71 #

304 292123.0 162 178 #

305 95659.0 211 228 #

306 218959.0 100 118 135 #

306 103920.0 117 118 135 #

306 54325.0 118 134 139 #

307 808412.0 182 243 257 258 259 260 261 276 #

307 978086.0 225 243 258 259 260 261 276 277 #

307 817330.0 244 250 258 260 266 267 276 277 #

308 263935.0 104 120 136 #

308 360469.0 119 120 136 #

308 225965.0 90 119 120 #

275 539607.0 75 76 77 78 93 109 110 285 #

275 722514.0 42 60 76 77 79 84 93 95 #

185 370232.0 183 200 217 233 #

309 55625.0 143 #

310 230893.0 197 266 282 #

310 281513.0 197 232 249 #

310 225866.0 199 282 283 #

311 51829.0 151 #

312 78437.0 61 #

313 127995.0 227 #

314 53670.0 6 24 #

314 19302.0 6 7 #

315 212471.0 9 117 133 149 #

315 169876.0 59 75 133 134 #

315 164766.0 116 117 134 135 #

316 28323.0 273 #

317 921300.0 99 114 116 131 132 147 148 150 166 167 168 184 #

317 995297.0 48 49 54 64 65 67 69 70 82 87 99 100 #

317 936085.0 54 99 114 116 131 132 133 134 148 150 151 166 #

318 190566.0 157 175 #

318 173217.0 159 175 #

318 116537.0 139 157 #

319 154992.0 116 #

320 144434.0 157 173 290 #

321 180225.0 268 269 #

321 163932.0 269 285 #

122 229862.0 112 114 130 #

322 198783.0 171 188 189 #

322 264575.0 171 187 189 #

323 285573.0 155 171 172 #

323 357399.0 136 137 155 #

323 339223.0 172 189 205 #

324 779972.0 239 241 256 257 259 273 274 275 #

324 804994.0 226 238 255 256 257 272 273 274 #

324 734838.0 212 230 231 246 257 259 274 275 #

325 443012.0 16 32 33 48 49 188 #

325 660555.0 30 47 48 64 200 217 #

325 505983.0 15 16 32 33 48 286 #

326 62713.0 163 #

327 346275.0 64 82 100 #

327 337740.0 48 64 82 #

327 291129.0 64 82 227 #

328 644915.0 5 6 8 22 23 24 25 39 40 57 #

328 937763.0 4 5 21 22 23 37 39 56 280 281 #

328 794610.0 4 5 22 23 24 39 40 42 56 60 #

329 161948.0 274 #

330 259174.0 156 157 #

330 169008.0 139 157 #

331 233127.0 85 102 103 #

331 322591.0 85 86 102 #

331 261337.0 85 103 119 #

332 192457.0 20 92 #

332 219284.0 3 20 #

332 183251.0 76 92 #

333 140958.0 224 242 #

333 96160.0 223 224 #

334 92288.0 69 #

335 236173.0 107 122 123 #

335 250939.0 89 105 107 #

335 249402.0 30 121 122 #

336 664006.0 7 8 57 73 74 91 #

336 604680.0 57 73 227 244 260 264 #

336 561750.0 39 40 41 57 65 74 #

337 24094.0 220 #

338 59937.0 207 223 241 #

338 36062.0 190 207 208 #

338 34474.0 223 224 241 #

339 135762.0 241 276 #

339 180376.0 259 276 #

339 162320.0 241 257 #

340 197789.0 6 23 #

340 263090.0 23 39 #

341 708870.0 30 31 105 121 122 123 124 140 158 #

342 192859.0 8 56 57 #

342 214702.0 57 73 90 #

342 154338.0 8 10 26 #

343 243108.0 176 192 193 #

343 337953.0 176 177 193 #

343 184061.0 160 177 192 #

344 22200.0 240 #

345 688230.0 144 161 177 178 252 253 270 278 #

345 890502.0 81 82 98 199 237 253 254 271 #

345 766906.0 194 212 229 246 262 270 285 286 #

346 23048.0 9 #

347 269435.0 118 134 151 #

347 273823.0 117 118 134 #

347 237315.0 118 133 134 #

348 252231.0 189 206 #

348 209369.0 206 223 #

349 57095.0 34 #

350 102141.0 165 #

351 369229.0 50 104 121 122 #

351 372366.0 87 88 103 104 #

351 371643.0 104 105 121 122 #

352 203164.0 252 270 271 #

352 198627.0 236 252 270 #

352 168113.0 236 254 271 #

353 164831.0 189 205 207 #

353 213632.0 206 207 223 #

353 189710.0 189 190 207 #

354 356381.0 18 19 35 37 254 #

354 422876.0 18 19 35 51 52 #

354 422241.0 1 2 3 18 19 #

355 129831.0 223 241 #

355 121102.0 224 241 #

356 110620.0 272 #

357 328491.0 5 6 22 23 40 41 #

357 481874.0 22 23 39 85 86 87 #

357 426359.0 5 6 7 24 40 84 #

358 294498.0 93 110 111 #

358 306451.0 93 111 112 #

358 291866.0 110 111 127 #

359 625472.0 2 83 84 99 100 101 117 118 #

359 780882.0 8 96 98 99 114 116 132 134 #

359 747303.0 49 65 66 83 84 101 203 219 #

360 514447.0 118 150 151 208 209 210 226 #

360 691565.0 42 43 59 133 150 151 160 #

360 650113.0 82 98 100 116 117 132 150 #

361 26880.0 24 #

362 396771.0 23 25 41 #

362 329783.0 6 23 163 #

362 329593.0 6 23 41 #

363 93659.0 151 167 #

364 57893.0 4 #

365 136540.0 101 #

366 1235580.0 124 139 140 141 156 173 174 191 192 210 225 226 227 228 246 #

366 1553083.0 27 43 44 160 176 192 193 210 225 226 227 243 260 261 277 #

366 1327897.0 11 135 223 225 226 239 241 242 243 257 258 259 274 275 276 #

367 771357.0 20 26 35 42 43 44 52 53 60 #

367 861441.0 25 26 27 41 43 44 59 75 93 #

367 800419.0 7 25 26 40 41 42 43 44 60 #

368 13126.0 236 #

369 68712.0 77 #

370 111206.0 290 #

371 46703.0 137 #

372 498303.0 92 108 226 242 243 260 #

372 637593.0 210 227 242 243 244 259 #

372 557916.0 209 210 227 244 245 260 #

373 173852.0 111 128 #

374 215330.0 113 129 131 #

374 214389.0 127 128 144 #

375 164439.0 140 156 #

375 228317.0 155 156 #

375 76150.0 123 140 #

376 524303.0 232 248 249 265 266 283 284 285 #

376 776036.0 247 263 264 265 266 280 281 282 #

376 682485.0 198 200 215 216 231 232 233 249 #

377 82044.0 43 44 #

378 37088.0 54 #

379 503452.0 7 114 130 131 147 149 150 245 #

379 752146.0 7 10 25 28 29 44 181 199 #

379 686135.0 115 132 149 150 166 168 181 182 #

380 77067.0 166 184 #

380 84160.0 166 182 #

381 351656.0 40 56 57 #

381 335526.0 41 57 74 #

381 279379.0 56 57 58 #

382 49766.0 144 #

383 504909.0 53 129 130 146 163 #

383 460819.0 113 127 128 129 172 #

383 456624.0 127 128 129 130 146 #

384 431613.0 239 257 258 275 #

384 350229.0 206 223 239 240 #

384 325481.0 257 258 273 274 #

385 632753.0 112 192 209 226 227 244 #

385 720617.0 209 226 227 244 260 291 #

385 669859.0 192 209 226 227 243 244 #

386 149132.0 204 221 #

386 141956.0 188 204 #

387 492501.0 28 208 209 226 227 #

387 550994.0 120 209 226 227 234 #

387 542117.0 208 209 224 226 227 #

388 397080.0 96 113 131 132 149 #

388 574007.0 98 116 131 132 149 #

388 572993.0 113 131 132 149 150 #

389 421873.0 248 264 265 266 281 282 #

389 556354.0 264 266 279 280 281 282 #

389 537241.0 160 245 263 264 281 282 #

390 358303.0 109 110 127 144 #

390 395851.0 93 109 126 144 #

390 391417.0 109 110 125 127 #

391 205948.0 221 231 232 #

391 192098.0 113 114 221 #

391 181331.0 198 215 232 #

392 275696.0 110 127 144 #

392 273403.0 126 127 128 #

392 236052.0 143 144 162 #

393 308074.0 33 49 67 #

393 329521.0 49 66 67 #

393 254852.0 33 49 188 #

394 195926.0 18 34 #

394 255716.0 34 51 #

394 175812.0 18 24 #

395 150631.0 280 #

396 101822.0 127 128 #

397 228271.0 117 133 134 #

397 278825.0 108 116 117 #

397 204498.0 115 133 134 #

398 409648.0 15 32 48 49 50 #

398 465713.0 46 48 49 50 64 #

398 421342.0 13 14 15 93 94 #

341 534535.0 123 247 248 250 263 264 265 266 283 #

341 734765.0 81 245 246 247 252 262 263 264 280 #

399 3926.0 117 135 #

399 168468.0 42 118 #

400 388083.0 109 110 126 127 144 #

400 401986.0 109 110 125 126 127 #

400 389421.0 1 17 19 109 126 #

268 1090961.0 0 1 11 12 17 18 19 28 34 35 44 51 53 68 69 70 86 #

268 1540233.0 0 1 19 27 28 43 45 46 47 48 51 63 64 68 69 87 256 #

401 291983.0 123 124 238 #

401 309254.0 222 238 256 #

401 224481.0 90 107 123 #

402 139196.0 208 252 269 #

402 79531.0 191 192 208 #

402 69148.0 269 270 285 #

403 957401.0 214 215 216 222 230 231 232 233 249 250 #

403 1089007.0 42 196 213 230 231 247 249 262 263 267 #

403 1074194.0 180 181 196 197 199 200 214 215 216 232 #

404 190536.0 105 155 #

404 193441.0 154 155 #

404 124067.0 88 105 #

405 57284.0 166 #

406 65809.0 260 #

407 56429.0 174 #

408 335386.0 90 91 92 108 #

408 327778.0 74 90 91 107 #

408 314959.0 90 91 108 109 #

409 59294.0 90 #

410 357934.0 239 240 241 257 258 #

410 519974.0 224 240 258 259 275 #

410 490205.0 257 258 260 274 276 #

411 123283.0 197 214 215 #

412 229087.0 236 252 #

412 239057.0 252 253 #

412 201861.0 219 236 #

413 115379.0 204 #

414 80930.0 169 #

415 72830.0 75 #

396 127241.0 127 144 #

396 140290.0 143 144 #

416 186457.0 78 100 #

416 199319.0 77 78 #

417 184820.0 41 59 75 #

417 254580.0 39 57 75 #

417 249312.0 59 75 76 #

418 216766.0 251 252 269 270 #

418 280318.0 233 234 250 251 #

418 273221.0 219 236 252 253 #

419 440997.0 100 116 117 133 #

419 533038.0 82 100 104 116 #

419 439055.0 133 151 152 169 #

420 626680.0 26 27 28 44 45 61 62 77 #

420 754479.0 8 26 27 28 44 62 164 194 #

420 639091.0 27 44 109 111 126 127 129 144 #

421 206234.0 120 136 137 #

421 264311.0 120 137 155 #

421 156000.0 136 153 170 #

422 460400.0 14 15 16 32 33 150 #

422 550592.0 14 15 31 32 49 50 #

422 480009.0 15 16 31 32 33 49 #

423 505806.0 7 8 9 10 25 27 45 #

423 650512.0 13 29 30 45 46 47 62 #

423 460663.0 6 7 8 9 10 27 45 #

424 223272.0 201 218 236 #

424 317086.0 200 201 217 #

424 260028.0 218 285 286 #

425 290986.0 3 20 36 277 #

425 377071.0 245 260 261 277 #

425 282478.0 4 20 50 260 #

320 162606.0 156 157 179 #

320 180115.0 161 179 180 #

426 357797.0 11 29 187 204 #

426 503290.0 11 12 28 29 #

426 398502.0 155 171 172 187 #

427 237863.0 61 78 93 94 #

427 321767.0 93 94 112 175 #

427 263231.0 59 75 76 93 #

428 465958.0 125 143 161 162 178 180 #

428 505860.0 143 160 161 178 194 212 #

428 493736.0 145 162 163 178 180 194 #

429 148413.0 193 194 #

430 196913.0 15 16 32 #

430 244317.0 15 32 33 #

430 242934.0 13 15 31 #

431 205668.0 235 253 #

431 207954.0 235 251 #

431 178639.0 252 253 #

432 224762.0 79 96 112 #

432 260519.0 79 97 115 #

433 1311532.0 35 36 37 51 54 55 69 70 71 72 85 88 258 276 #

433 1472603.0 34 35 51 52 53 54 55 56 68 69 70 71 72 86 #

433 1319225.0 51 53 68 69 70 85 86 87 88 102 103 104 105 121 #

434 417973.0 140 181 182 183 200 #

434 471048.0 164 165 180 181 198 #

434 402265.0 182 183 200 201 216 #

435 90385.0 202 #

436 138503.0 56 72 88 #

436 184838.0 56 121 122 #

436 137335.0 54 71 72 #

437 176856.0 73 91 107 209 #

437 207332.0 73 91 109 125 #

437 159286.0 90 106 107 124 #

438 177468.0 229 230 #

439 71074.0 129 #

440 180256.0 214 232 #

440 128233.0 214 215 #

441 210668.0 1 17 34 #

441 307346.0 1 2 99 #

441 252952.0 18 34 51 #

442 750436.0 153 170 171 172 187 188 204 205 221 #

442 782083.0 170 171 172 187 188 204 206 221 222 #

442 779032.0 155 172 173 188 189 190 191 204 206 #

443 82968.0 36 37 #

444 392729.0 82 83 84 101 #

444 436041.0 66 82 83 84 #

444 314711.0 66 67 84 101 #

445 111598.0 125 #

446 113106.0 282 #

447 151070.0 57 58 76 #

447 118190.0 26 42 58 #

447 91145.0 58 75 76 #

448 228428.0 207 208 209 #

448 261489.0 102 207 208 #

448 176001.0 190 207 208 #

449 388894.0 163 179 180 195 196 #

449 514187.0 178 180 194 196 212 #

449 438168.0 195 199 200 215 216 #

450 126531.0 81 #

451 140942.0 103 129 #

451 129830.0 112 129 #

451 58500.0 103 288 #

452 246202.0 199 200 #

452 157490.0 199 215 #

453 241509.0 58 75 76 #

453 348833.0 76 93 94 #

453 320923.0 42 58 76 #

454 424958.0 189 204 205 206 #

454 396048.0 187 204 221 232 #

454 356851.0 171 187 188 206 #

455 214796.0 10 25 26 42 44 109 #

455 287831.0 10 26 43 160 161 177 #

456 138844.0 256 #

457 198080.0 139 156 #

457 235315.0 156 157 #

458 773730.0 147 162 164 165 178 179 180 181 182 195 196 197 198 212 214 #

458 1106757.0 19 37 150 166 167 178 181 182 183 196 197 198 199 200 212 #

458 1063733.0 13 14 15 16 31 32 48 49 50 66 112 113 130 147 163 #

459 206858.0 56 207 208 #

459 216211.0 189 207 224 #

459 186056.0 56 71 72 #

460 162146.0 88 106 107 124 232 #

460 238713.0 88 105 106 122 123 #

460 188848.0 105 106 107 122 123 #

461 427569.0 143 161 176 177 193 #

461 607200.0 160 161 177 178 179 #

461 513015.0 177 193 209 264 281 #

462 189463.0 123 140 141 158 175 #

462 276476.0 39 157 158 175 276 #

463 274022.0 149 150 151 #

463 269739.0 150 168 185 #

463 238664.0 131 149 150 #

464 93540.0 175 #

465 161543.0 106 107 #

465 219636.0 91 107 #

465 70597.0 105 106 #

466 216068.0 40 140 145 #

466 243349.0 144 145 162 #

466 148906.0 123 140 156 #

467 146699.0 168 185 #

467 175673.0 3 168 #

467 137305.0 169 185 #

468 14840.0 14 #

469 506509.0 32 33 49 65 66 194 #

469 718667.0 7 65 81 82 98 115 #

469 618216.0 177 178 194 212 213 230 #

470 385688.0 132 133 148 149 150 167 #

470 481469.0 126 133 149 150 167 184 #

470 391997.0 41 165 166 167 184 248 #

471 339908.0 227 243 244 #

471 397705.0 227 244 260 #

471 389662.0 227 244 245 #

472 405601.0 148 165 166 181 182 198 #

472 547448.0 179 180 181 182 196 198 #

472 526741.0 165 181 182 198 200 216 #

473 120091.0 80 96 113 #

473 166303.0 113 114 129 #

474 691177.0 154 155 156 172 189 190 205 207 #

474 985806.0 189 204 205 206 208 223 224 225 #

474 687899.0 155 159 172 173 175 189 190 191 #

475 113835.0 119 137 233 #

475 160635.0 121 136 137 #

476 141692.0 232 248 249 #

476 207566.0 232 233 248 #

476 98897.0 111 249 250 #

477 424771.0 39 93 94 109 110 #

477 502508.0 94 109 110 125 127 #

477 485542.0 93 94 109 110 127 #

478 237595.0 25 26 44 #

478 296696.0 7 25 41 #

478 267628.0 15 44 45 #

479 367392.0 92 114 115 116 132 #

479 447578.0 115 116 132 133 150 #

479 413933.0 35 52 53 116 134 #

480 130791.0 6 7 24 154 #

480 189743.0 6 7 8 24 #


