1

237

616

275

0 338996.0 92 94 95 108 109 110 #

0 430378.0 81 96 97 109 110 111 #

0 400858.0 109 110 124 125 141 157 #

0 396506.0 48 62 63 77 91 92 #

1 40037.0 158 #

2 39851.0 178 #

3 72353.0 170 #

4 65453.0 14 #

5 42709.0 174 175 #

5 38440.0 174 189 #

6 109763.0 98 113 #

6 153841.0 97 98 #

6 117706.0 113 114 #

7 95861.0 145 #

8 37271.0 162 #

9 94374.0 154 168 #

9 120636.0 168 183 #

10 427839.0 202 204 217 218 219 #

10 422365.0 204 205 206 217 218 #

10 408410.0 204 205 206 219 220 #

10 406919.0 187 188 202 217 218 #

11 48698.0 104 119 #

11 56064.0 89 104 #

11 55214.0 103 119 #

12 93622.0 126 #

13 345420.0 55 69 70 84 85 86 100 #

13 444637.0 85 86 98 99 100 115 116 #

13 434222.0 38 39 54 55 56 69 70 #

13 368001.0 85 86 99 100 101 115 116 #

14 239198.0 107 121 122 123 #

14 312323.0 108 123 124 138 #

14 225471.0 107 108 122 123 #

14 202375.0 107 121 198 213 #

15 25819.0 28 #

16 29032.0 179 #

17 39676.0 217 #

18 173804.0 130 131 145 #

18 253472.0 129 143 145 #

18 243477.0 114 130 145 #

19 73405.0 4 #

20 93955.0 93 #

21 105502.0 133 134 #

21 153954.0 134 148 #

21 89326.0 118 133 #

22 104679.0 195 196 #

23 88653.0 48 #

24 53937.0 100 116 #

24 24445.0 101 116 #

25 84133.0 207 #

26 608659.0 8 22 23 24 25 39 52 53 54 #

26 710034.0 38 39 53 54 67 69 83 84 99 #

26 700025.0 6 7 21 22 23 36 37 38 39 #

26 691273.0 38 39 52 53 54 67 68 83 84 #

27 65084.0 141 #

28 42727.0 232 #

29 197631.0 204 218 #

30 57702.0 187 #

31 99630.0 226 #

32 222222.0 147 160 161 #

32 280943.0 147 148 149 #

32 229280.0 129 145 160 #

32 203149.0 147 161 176 #

33 202358.0 212 213 214 #

33 147543.0 183 198 212 #

33 141602.0 198 214 215 #

34 115132.0 43 #

35 93160.0 191 #

36 313630.0 126 141 143 156 157 #

36 446554.0 126 142 143 157 172 #

36 390030.0 126 141 143 157 171 #

36 353199.0 128 141 143 157 172 #

37 98777.0 228 #

38 191499.0 93 94 95 #

38 271307.0 79 93 94 #

38 226658.0 93 109 124 #

38 132296.0 95 96 110 #

39 369632.0 202 203 216 218 219 #

39 392951.0 190 205 218 219 220 #

39 377679.0 204 217 218 219 220 #

39 310718.0 170 185 201 215 216 #

40 96592.0 39 #

41 83966.0 160 #

42 44029.0 206 #

43 335059.0 65 80 94 96 #

43 329682.0 80 81 93 94 #

43 322842.0 65 79 80 96 #

43 309240.0 77 78 79 94 #

44 67729.0 233 #

45 347929.0 2 3 4 5 6 #

45 363891.0 1 2 3 15 16 #

45 317862.0 5 6 21 22 37 #

45 317272.0 2 3 17 18 19 #

46 106510.0 94 #

47 290267.0 70 71 72 84 85 99 #

47 384582.0 85 86 97 98 99 111 #

47 379897.0 70 71 84 99 147 162 #

47 373739.0 84 86 98 99 100 116 #

48 14732.0 177 #

49 137567.0 178 193 194 208 #

49 204939.0 192 207 208 222 #

49 163334.0 162 178 179 194 #

49 131082.0 177 178 193 194 #

50 216525.0 8 9 10 #

50 151671.0 8 23 37 #

50 137032.0 9 10 11 #

51 122899.0 26 40 #

51 126729.0 26 41 #

52 62041.0 124 #

53 250517.0 35 50 51 66 #

53 280189.0 35 50 51 65 #

53 275698.0 50 51 64 79 #

53 267239.0 51 66 79 80 #

54 382091.0 0 27 41 42 43 #

54 385845.0 27 28 43 204 220 #

54 328652.0 0 1 15 16 30 #

54 281085.0 26 27 41 56 72 #

55 37349.0 70 #

56 106853.0 24 25 #

57 52761.0 10 25 #

58 245576.0 8 23 39 54 #

58 313564.0 8 23 24 39 #

58 312851.0 23 24 38 39 #

58 299974.0 24 39 40 54 #

59 177108.0 118 119 133 134 #

59 237800.0 134 148 162 163 #

59 228602.0 117 118 132 148 #

59 225757.0 118 132 133 134 #

60 55294.0 44 #

61 236309.0 222 223 224 #

62 108213.0 150 165 #

63 220829.0 159 174 175 188 #

63 242611.0 158 159 172 173 #

63 234923.0 144 159 174 188 #

63 234876.0 188 202 203 217 #

64 14464.0 29 #

65 178581.0 69 83 #

65 166185.0 83 84 #

65 111950.0 69 70 #

66 333558.0 124 186 187 202 #

66 327137.0 186 201 202 216 #

66 301487.0 185 186 201 216 #

66 260019.0 173 186 187 188 #

67 209769.0 144 159 174 175 #

67 287633.0 144 145 146 160 #

67 283703.0 144 158 159 160 #

67 207601.0 159 161 175 190 #

68 70302.0 57 #

69 240299.0 84 85 86 100 101 116 #

69 297685.0 86 87 88 100 101 115 #

69 284067.0 84 85 99 100 101 116 #

69 227462.0 72 84 85 86 100 101 #

70 109109.0 19 35 #

70 147905.0 35 36 #

70 102835.0 4 19 #

71 119828.0 75 76 #

71 112676.0 76 91 #

72 132321.0 177 191 #

73 173161.0 127 128 129 143 #

73 240534.0 127 128 142 143 #

73 173090.0 113 127 128 142 #

73 152948.0 98 113 127 128 #

74 46982.0 230 #

75 77188.0 97 #

76 439630.0 38 53 68 83 99 #

76 473342.0 81 83 97 98 99 #

76 403422.0 54 68 83 98 99 #

76 316729.0 53 54 68 69 83 #

77 44530.0 168 #

78 107421.0 11 27 #

78 58829.0 10 11 #

79 131593.0 53 68 #

79 169664.0 68 83 #

79 159946.0 38 53 #

80 131264.0 168 184 185 #

80 151492.0 184 199 214 #

80 119493.0 153 167 168 #

81 87645.0 13 14 29 #

81 86117.0 13 27 29 #

82 59268.0 16 #

83 63222.0 130 #

84 79569.0 184 185 #

85 59510.0 58 #

86 202325.0 12 13 14 27 29 #

86 247729.0 12 13 27 29 43 #

86 241792.0 12 13 14 29 43 #

86 196979.0 12 13 27 42 56 #

87 155739.0 66 82 #

87 191467.0 82 83 #

87 137235.0 66 67 #

88 121484.0 1 15 #

88 162188.0 0 15 #

88 83162.0 1 16 #

89 210597.0 185 186 200 #

89 235902.0 169 185 186 #

89 226049.0 185 186 187 #

89 150811.0 199 200 215 #

90 114222.0 159 #

91 81926.0 181 196 #

92 80099.0 219 #

93 41925.0 88 #

94 94332.0 15 #

95 149304.0 206 207 #

95 144686.0 191 206 #

96 115649.0 77 #

97 166007.0 126 141 #

97 142475.0 126 127 #

98 79320.0 221 #

99 50330.0 72 86 #

99 60077.0 86 100 #

99 43215.0 58 72 #

100 96538.0 147 #

101 300412.0 139 153 154 168 193 194 #

101 430362.0 109 124 125 139 154 168 #

101 409230.0 139 153 154 155 168 169 #

101 385447.0 137 153 154 155 167 170 #

102 154014.0 132 148 #

102 194283.0 147 148 #

102 142571.0 132 147 #

103 228610.0 147 148 162 #

103 235596.0 147 148 164 #

103 144301.0 161 162 176 #

104 197359.0 148 162 164 178 #

104 291700.0 146 147 148 161 #

104 281037.0 132 147 148 162 #

104 244547.0 132 134 148 164 #

105 176076.0 102 103 117 196 #

105 253871.0 196 210 211 212 #

105 181360.0 103 117 118 131 #

105 141805.0 102 103 116 117 #

106 81262.0 83 #

107 126584.0 158 172 173 #

107 135288.0 158 173 188 #

108 174976.0 192 193 207 208 #

108 214953.0 207 208 209 222 #

108 192463.0 177 192 207 208 #

108 154572.0 193 194 208 209 #

109 88911.0 105 #

110 145689.0 138 153 #

110 106195.0 137 153 #

111 216429.0 117 132 148 164 #

111 236303.0 132 148 164 179 #

111 224558.0 147 148 162 178 #

111 173628.0 164 178 179 194 #

112 96052.0 214 #

113 7615.0 167 #

114 253230.0 154 155 171 #

114 249217.0 138 154 169 #

114 215114.0 139 154 155 #

114 144704.0 19 157 171 #

115 77659.0 166 #

116 136208.0 2 17 #

116 120531.0 2 16 #

117 96453.0 231 #

118 149877.0 137 151 152 #

118 142840.0 137 151 153 #

118 128635.0 152 166 167 #

118 119407.0 137 152 153 #

119 326981.0 155 171 172 187 #

119 276543.0 140 155 156 170 #

119 254345.0 173 186 187 188 #

119 201338.0 143 156 157 171 #

120 132317.0 122 137 #

120 168515.0 137 138 #

121 212110.0 19 33 48 63 #

121 291274.0 19 33 34 48 #

121 257528.0 48 63 77 91 #

121 247809.0 4 19 33 34 #

122 108741.0 2 17 #

122 127982.0 17 32 #

123 77019.0 211 #

124 50513.0 158 173 #

125 192684.0 203 204 217 #

125 232304.0 202 203 204 #

125 186275.0 202 216 217 #

126 78643.0 236 #

127 91491.0 79 #

128 39072.0 80 #

129 26208.0 163 #

130 137738.0 7 21 #

131 108444.0 32 #

132 45822.0 50 #

133 102466.0 3 #

134 95987.0 95 96 #

134 136793.0 96 111 #

135 340771.0 83 85 98 99 #

135 361616.0 68 83 99 115 #

135 325261.0 68 83 98 113 #

135 306077.0 68 69 83 84 #

136 54370.0 71 #

137 248683.0 50 65 79 #

137 238811.0 50 51 65 #

137 135248.0 63 78 79 #

138 71840.0 67 #

139 123900.0 11 26 27 #

139 149144.0 11 26 41 #

139 134419.0 11 26 40 #

139 102386.0 12 13 27 #

140 145422.0 150 152 153 166 #

140 201352.0 165 166 181 182 #

140 183487.0 151 152 153 166 #

141 51577.0 103 #

142 808451.0 114 129 130 131 142 143 144 145 146 159 #

142 742728.0 114 127 128 129 130 142 143 144 145 146 #

142 726543.0 97 98 113 114 127 130 131 142 144 145 #

142 718798.0 129 144 145 158 159 171 172 173 186 187 #

143 105192.0 161 176 #

143 79496.0 161 162 #

144 85029.0 98 #

145 84557.0 201 #

146 72607.0 35 #

147 347013.0 43 58 59 73 87 88 89 102 #

147 436323.0 41 42 43 58 59 73 74 89 #

147 404121.0 12 13 27 29 42 43 57 58 #

147 403647.0 42 43 57 58 59 73 74 89 #

148 117151.0 117 131 147 #

148 121113.0 117 131 146 #

149 180745.0 30 45 46 61 #

149 269414.0 60 61 77 78 #

149 253386.0 30 31 46 61 #

149 133645.0 30 45 46 47 #

150 345833.0 206 217 218 219 220 #

150 447089.0 204 206 218 220 221 #

150 392453.0 202 203 204 218 219 #

150 388724.0 190 205 206 220 221 #

151 14725.0 47 #

152 329627.0 185 186 201 202 #

152 245758.0 185 200 201 216 #

152 205524.0 189 202 203 217 #

152 204404.0 184 185 199 201 #

153 271582.0 66 81 82 #

153 250266.0 80 81 96 #

153 184756.0 65 66 80 #

154 19268.0 25 #

155 151494.0 135 150 165 #

155 127876.0 135 136 150 #

155 120566.0 150 165 193 #

156 303032.0 120 121 122 135 136 150 #

156 331322.0 120 122 135 136 150 166 #

156 305474.0 105 120 121 136 150 165 #

156 275453.0 107 108 120 121 122 136 #

157 30081.0 184 #

158 192520.0 147 161 176 #

158 208965.0 147 160 161 #

159 546342.0 184 185 186 187 188 202 215 216 #

159 643953.0 155 170 184 185 186 187 201 202 #

159 576981.0 159 173 185 186 187 201 202 216 #

159 569303.0 155 157 168 170 171 184 185 186 #

160 139058.0 41 56 #

160 127972.0 56 57 #

161 127905.0 42 58 86 #

161 182519.0 42 43 58 #

161 180970.0 28 43 58 #

161 103749.0 72 86 100 #

162 264301.0 76 91 105 106 #

162 263255.0 61 76 77 78 #

162 244532.0 90 91 105 106 #

162 221290.0 75 76 91 106 #

163 11872.0 113 #

164 232094.0 19 20 35 36 #

164 271339.0 18 19 34 35 #

164 231502.0 19 33 34 35 #

164 229020.0 20 21 36 51 #

165 114307.0 30 45 46 #

165 164681.0 30 46 62 #

166 19110.0 102 #

167 379317.0 61 62 77 78 94 #

167 448280.0 61 77 137 138 154 #

167 440008.0 76 77 138 139 154 #

167 300182.0 45 46 61 62 77 #

168 51813.0 194 #

169 150124.0 181 182 195 #

169 174618.0 165 181 195 #

169 140186.0 181 182 196 #

170 18480.0 5 #

171 247549.0 108 124 125 139 #

171 353038.0 125 139 140 155 #

171 347589.0 125 126 139 140 #

171 224190.0 108 122 123 124 #

172 133952.0 125 139 #

172 187871.0 125 126 #

172 104239.0 139 154 #

173 89578.0 88 102 117 #

173 111887.0 102 103 117 #

173 89547.0 87 88 102 #

173 79505.0 88 102 104 #

174 76354.0 92 #

175 119733.0 32 46 #

175 148515.0 32 33 #

175 125055.0 31 46 #

176 449604.0 181 197 210 211 212 213 #

176 453157.0 181 195 196 197 210 211 #

176 440264.0 181 183 195 196 197 211 #

176 403093.0 165 181 182 183 195 197 #

177 30765.0 216 #

178 34805.0 45 #

179 244904.0 76 90 91 105 #

179 281400.0 75 76 90 106 #

179 280538.0 90 91 105 106 #

180 77065.0 76 #

181 28164.0 182 #

182 52949.0 33 #

183 15116.0 152 #

184 62011.0 107 108 #

184 88671.0 107 121 #

185 186036.0 3 18 #

185 163623.0 3 4 #

185 126032.0 18 33 #

186 259969.0 69 70 84 99 #

186 365999.0 83 84 98 99 #

186 284299.0 41 56 70 172 #

186 271192.0 83 84 99 100 #

187 67279.0 5 20 #

188 66532.0 2 #

189 165736.0 46 47 62 63 #

189 140932.0 48 49 63 64 #

190 96113.0 8 #

191 81815.0 163 179 #

191 70081.0 164 179 #

192 78689.0 69 #

193 91318.0 106 #

194 13828.0 72 #

195 41421.0 164 179 #

195 57830.0 163 179 #

196 141213.0 198 212 213 #

197 268223.0 123 124 125 #

197 267116.0 123 124 138 #

197 253884.0 124 125 141 #

197 252176.0 122 123 124 #

198 61183.0 203 #

199 66319.0 64 #

200 496773.0 96 109 110 123 124 125 #

200 530640.0 3 92 93 109 124 125 #

200 465432.0 81 96 97 109 110 111 #

200 463625.0 108 123 124 125 126 141 #

201 177959.0 19 20 35 #

201 204646.0 20 35 36 #

201 190705.0 19 35 36 #

202 158341.0 1 2 16 #

202 199250.0 2 16 18 #

202 186394.0 1 15 16 #

203 313294.0 6 7 21 148 #

203 284357.0 7 21 35 36 #

203 281107.0 21 22 36 37 #

203 280725.0 132 146 147 148 #

204 6332.0 110 #

205 81424.0 34 #

206 159988.0 11 26 41 #

206 231156.0 26 40 41 #

206 164335.0 26 33 41 #

206 95711.0 10 11 26 #

207 38458.0 117 #

208 86651.0 65 #

209 209668.0 110 125 126 #

209 244056.0 125 140 141 #

209 212346.0 111 126 141 #

209 146948.0 94 95 110 #

210 49791.0 10 #

211 97854.0 52 #

212 74418.0 58 72 #

212 69870.0 57 72 #

212 61327.0 58 73 #

213 24761.0 73 #

214 101003.0 117 132 #

214 90037.0 118 132 #

215 251167.0 165 181 182 197 #

215 290412.0 165 166 181 197 #

215 257052.0 168 182 183 197 #

215 244303.0 181 182 183 197 #

216 196803.0 142 143 #

216 188632.0 126 142 #

216 125427.0 128 143 #

217 138256.0 144 145 #

217 186451.0 145 160 #

218 96229.0 57 72 73 #

218 144252.0 57 71 72 #

218 136882.0 57 58 72 #

218 77899.0 59 73 74 #

219 202259.0 173 187 188 189 #

219 283502.0 188 189 203 204 #

219 252613.0 159 173 174 188 #

219 201436.0 173 185 186 187 #

220 5075.0 198 #

221 141560.0 90 106 #

221 157165.0 90 105 #

222 134908.0 60 61 #

223 94055.0 205 #

224 428425.0 9 23 24 39 40 #

224 417855.0 9 22 23 24 39 #

224 406148.0 8 23 24 39 40 #

224 387361.0 9 24 26 40 41 #

225 92698.0 118 134 #

225 130533.0 133 134 #

225 74979.0 118 132 #

226 129742.0 4 20 #

226 130909.0 20 36 #

227 149602.0 130 145 #

227 111531.0 130 131 #

227 102418.0 129 145 #

228 156024.0 158 173 188 #

228 223102.0 158 172 187 #

228 220377.0 159 173 187 #

228 195446.0 173 187 188 #

229 393296.0 154 155 170 171 185 #

229 436367.0 125 139 154 155 170 #

229 417443.0 155 171 172 187 188 #

229 402953.0 154 155 170 185 186 #

230 128364.0 201 215 #

230 148655.0 200 201 #

231 118929.0 165 180 #

231 119432.0 150 165 #

232 107001.0 197 #

233 86358.0 62 63 #

233 111846.0 47 62 #

233 105017.0 63 79 #

234 329746.0 43 56 57 58 73 #

234 329569.0 27 41 56 57 70 #

234 267648.0 12 27 42 57 58 #

234 263040.0 12 27 28 29 43 #

235 306355.0 19 33 34 48 49 #

235 333822.0 32 46 47 48 62 #

235 332472.0 32 33 47 48 62 #

235 295359.0 19 20 33 34 48 #

236 202655.0 42 43 56 #

236 192959.0 42 43 58 #

236 184098.0 41 42 56 #

237 132284.0 2 18 #

237 115501.0 2 17 #

238 2514.0 23 #

239 294975.0 202 203 204 217 #

239 336352.0 114 204 205 219 #

239 302681.0 202 203 217 218 #

239 296124.0 201 202 203 216 #

240 63718.0 42 58 #

241 129713.0 159 173 #

241 119780.0 159 174 #

241 98002.0 173 187 #

242 79953.0 176 #

243 328184.0 41 54 55 68 69 #

243 369928.0 39 52 53 54 68 #

243 351554.0 11 25 27 40 41 #

243 338503.0 54 66 67 68 81 #

244 142464.0 33 48 #

244 185921.0 9 48 #

244 150422.0 32 33 #

245 114392.0 118 133 #

245 146477.0 133 134 #

245 126706.0 118 134 #

246 84201.0 213 #

247 162677.0 52 53 #

247 183772.0 36 52 #

248 244102.0 145 146 147 #

248 201424.0 131 147 148 #

248 195088.0 145 146 161 #

248 188776.0 114 130 146 #

249 196770.0 23 24 38 #

249 222482.0 22 23 38 #

249 220695.0 10 24 40 #

250 173434.0 3 4 #

250 175926.0 2 3 #

250 98740.0 4 19 #

251 81914.0 82 #

252 32878.0 208 #

253 127725.0 86 87 #

253 94603.0 85 86 #

254 92560.0 204 #

255 91070.0 123 #

256 340026.0 101 115 116 117 118 132 133 #

256 461059.0 83 97 99 115 116 130 146 #

256 399925.0 117 118 119 132 133 134 147 #

256 347193.0 101 116 117 118 130 133 146 #

257 100854.0 135 150 #

257 96456.0 136 150 #

258 178325.0 137 151 153 167 #

258 257032.0 137 153 154 155 #

258 210065.0 45 153 154 155 #

258 208340.0 137 151 153 154 #

259 71122.0 136 150 #

259 105052.0 122 136 #

260 559298.0 169 181 182 183 184 185 199 200 214 #

260 651841.0 154 155 168 169 184 185 186 199 202 #

260 626130.0 138 154 168 169 184 185 186 199 200 #

260 609077.0 154 168 169 183 184 185 199 200 214 #

261 378481.0 27 28 42 43 44 59 74 #

261 384383.0 42 43 44 57 59 73 74 #

261 374509.0 42 43 56 57 71 72 73 #

261 369092.0 13 27 43 44 59 73 74 #

262 8760.0 119 #

263 78530.0 24 #

264 224525.0 2 3 16 #

264 223831.0 2 3 18 #

264 190753.0 1 2 3 #

264 149623.0 0 1 16 #

265 129919.0 175 191 #

265 127623.0 177 191 #

266 37452.0 199 #

267 55536.0 133 #

268 293987.0 20 21 22 23 37 #

268 404675.0 8 21 22 37 52 #

268 397174.0 21 22 36 50 51 #

268 370113.0 22 23 37 38 52 #

269 60639.0 27 #

270 61754.0 128 129 #

271 329759.0 2 18 33 48 49 #

271 365348.0 0 1 2 3 18 #

271 363057.0 3 18 32 33 49 #

271 323551.0 4 18 32 33 49 #

272 105754.0 72 73 88 104 #

272 145058.0 56 58 72 73 #

272 119617.0 73 88 102 104 #

272 103820.0 88 89 102 104 #

273 220879.0 192 206 207 #

273 277958.0 205 206 207 #

274 376545.0 68 82 83 97 #

274 367549.0 69 81 82 83 #

274 343171.0 38 53 68 83 #

274 286152.0 83 97 98 113 #


