3

151

781

222

0 287118.0 62 73 #

0 321138.0 72 73 #

0 185606.0 62 74 #

1 426041.0 90 91 92 104 #

1 488224.0 89 90 91 103 #

1 298848.0 91 103 104 115 #

1 289159.0 80 92 104 105 #

1 192772.0 94 95 104 105 #

2 193589.0 120 121 122 132 134 #

2 257777.0 109 110 121 122 133 #

2 237981.0 96 109 120 121 133 #

2 203296.0 120 121 132 133 134 #

2 141495.0 109 121 122 123 134 #

3 128205.0 120 #

4 1923957.0 82 83 92 93 94 95 103 104 105 106 107 116 126 127 129 130 140 141 142 143 #

4 2775803.0 71 82 83 89 90 91 92 93 94 95 103 104 105 106 117 118 119 130 131 143 #

4 2701191.0 81 91 92 93 94 95 103 104 105 106 107 117 118 119 127 128 129 130 139 140 #

4 2657035.0 58 60 61 69 70 71 82 83 92 93 94 103 104 105 106 114 117 118 129 130 #

4 2656838.0 69 81 82 90 91 92 93 94 95 103 104 106 107 114 117 118 127 128 130 139 #

4 2432770.0 69 82 91 92 93 94 95 103 104 105 106 107 115 117 118 119 129 130 131 142 #

5 195157.0 30 41 42 #

5 253212.0 29 30 32 #

5 156109.0 42 43 55 #

6 500147.0 2 3 4 14 15 27 #

6 607737.0 27 29 39 40 50 51 #

6 561669.0 3 4 14 16 27 28 #

6 464269.0 3 14 15 16 27 147 #

6 393089.0 3 12 13 14 15 16 #

6 290193.0 2 3 14 15 16 17 #

7 344926.0 15 25 26 36 #

7 334834.0 36 37 48 111 #

7 296293.0 24 25 36 37 #

8 119294.0 14 #

9 152434.0 15 #

10 295738.0 25 118 129 130 #

10 423517.0 129 130 140 141 #

10 405408.0 3 14 25 26 #

10 391023.0 117 130 131 142 #

10 365571.0 106 117 118 119 #

11 99576.0 8 #

12 338852.0 0 1 2 12 #

12 330864.0 1 2 3 14 #

12 308689.0 0 1 13 14 #

12 274294.0 0 1 12 13 #

12 166576.0 0 12 13 26 #

13 414640.0 20 21 30 31 32 42 43 55 #

13 596255.0 19 20 21 29 30 31 32 41 #

13 569646.0 9 20 29 30 31 42 53 54 #

13 530762.0 30 41 42 43 53 54 55 66 #

13 520376.0 5 6 17 19 20 30 31 32 #

13 466403.0 17 30 31 32 42 43 44 54 #

14 353459.0 3 15 #

14 428966.0 14 15 #

15 187763.0 129 141 142 #

15 223960.0 129 130 141 #

15 209077.0 130 141 142 #

15 140362.0 128 129 141 #

16 336327.0 29 41 42 53 #

16 492136.0 29 41 53 65 #

16 270216.0 41 53 54 66 #

16 189501.0 29 30 42 43 #

16 183068.0 41 42 53 55 #

17 6988.0 84 #

18 34056.0 133 #

19 327289.0 48 61 #

20 174418.0 49 #

21 125408.0 109 #

22 113998.0 1 12 #

23 105499.0 24 #

24 102857.0 51 #

25 143621.0 0 12 #

25 31827.0 12 13 #

26 685726.0 6 7 8 18 19 31 44 45 56 73 84 85 96 #

26 905522.0 62 63 72 73 74 75 85 86 87 96 97 98 110 #

26 892454.0 72 73 84 85 86 96 97 98 110 111 124 135 136 #

26 834151.0 21 34 47 59 72 73 74 75 84 85 86 96 109 #

26 804209.0 32 44 45 46 47 57 58 69 70 71 82 94 106 #

26 700546.0 7 8 9 10 11 18 19 20 21 31 34 45 46 #

27 156965.0 18 30 31 #

27 219113.0 30 31 44 #

27 121984.0 18 19 31 #

28 237419.0 62 72 73 75 #

28 232117.0 72 73 84 85 #

28 230517.0 73 84 85 96 #

28 173614.0 50 62 73 85 #

29 1082504.0 71 81 82 83 93 94 95 106 107 119 131 #

30 74858.0 122 #

31 583099.0 102 103 114 115 127 #

31 589963.0 102 103 104 114 115 #

31 467363.0 103 104 115 116 127 #

31 416496.0 102 113 115 126 127 #

31 356598.0 114 115 116 126 127 #

32 250147.0 16 17 26 27 #

32 227329.0 2 3 14 26 #

32 226209.0 5 6 17 18 #

32 224605.0 2 3 14 16 #

33 302502.0 68 80 81 92 93 94 105 #

33 365931.0 64 76 80 81 92 93 94 #

33 142693.0 94 95 105 106 117 118 129 #

34 209730.0 82 #

35 203624.0 119 #

36 121199.0 117 #

37 730215.0 62 63 73 74 75 85 98 #

37 822116.0 62 63 64 74 75 76 87 #

37 804054.0 51 62 63 73 74 75 85 #

37 763879.0 63 74 76 84 85 87 89 #

37 732622.0 62 73 74 76 86 87 97 #

37 711042.0 62 75 76 86 87 98 99 #

38 695053.0 103 114 115 116 126 138 #

38 729333.0 99 125 126 137 138 139 #

38 666653.0 113 114 124 125 126 138 #

38 478720.0 77 90 101 103 104 114 #

38 448257.0 114 115 116 127 128 129 #

38 437275.0 103 114 115 126 127 139 #

39 1002230.0 72 84 85 98 99 111 123 #

39 1007546.0 73 84 86 88 98 99 111 #

39 951423.0 60 72 73 84 85 86 98 #

39 862953.0 76 87 88 98 99 100 111 #

39 767795.0 74 75 85 87 98 99 100 #

39 738653.0 72 73 84 85 86 96 109 #

40 512367.0 85 87 98 99 110 123 #

40 711925.0 87 96 97 98 109 110 #

40 705959.0 75 87 88 98 99 111 #

40 650986.0 76 86 87 98 99 110 #

40 537505.0 88 99 111 123 124 134 #

40 457969.0 49 74 75 87 98 99 #

41 553637.0 0 39 50 51 62 73 #

41 686840.0 28 38 39 40 50 51 #

41 681754.0 29 39 40 41 51 52 #

41 612805.0 37 38 39 50 51 63 #

41 597281.0 38 50 51 62 72 73 #

41 396005.0 37 38 49 50 62 74 #

42 189836.0 10 11 22 23 #

43 96522.0 35 #

42 15517.0 9 10 11 23 #

44 844187.0 86 97 108 109 110 #

44 837481.0 60 72 73 85 86 #

44 704490.0 96 109 110 111 121 #

44 572868.0 110 111 120 122 133 #

44 546277.0 96 108 109 110 122 #

44 440918.0 57 58 97 98 109 #

45 505559.0 13 14 24 26 36 #

45 412650.0 1 12 13 14 26 #

45 369720.0 24 25 36 48 49 #

45 365474.0 1 2 3 14 16 #

45 255940.0 15 16 26 27 29 #

45 195572.0 24 36 37 38 49 #

46 44118.0 36 #

47 275393.0 74 75 #

47 316187.0 75 76 #

48 232799.0 92 104 #

48 154472.0 103 104 #

49 322361.0 94 106 107 #

49 366395.0 94 95 106 #

49 270279.0 95 107 119 #

49 226656.0 89 93 94 #

50 286455.0 41 42 53 #

50 249751.0 17 29 41 #

50 210921.0 42 43 54 #

50 165718.0 30 42 53 #

51 110787.0 72 #

52 182885.0 1 2 12 13 14 24 25 37 #

53 133458.0 62 63 #

52 154891.0 0 1 9 12 13 21 25 34 #

54 120929.0 32 #

55 203252.0 88 #

56 377518.0 45 56 68 #

56 350677.0 68 79 80 #

56 300255.0 34 44 45 #

56 300149.0 43 45 56 #

57 197797.0 139 #

58 778903.0 69 80 81 91 92 104 105 #

58 890924.0 68 79 80 81 82 91 94 #

58 774066.0 78 90 91 92 93 103 105 #

58 734222.0 57 69 81 82 83 94 95 #

58 687918.0 79 91 103 104 105 114 115 #

58 668460.0 69 80 81 82 93 94 105 #

59 156295.0 98 #

60 180216.0 86 96 97 109 #

60 170007.0 97 98 111 123 #

61 73617.0 110 #

29 1111176.0 69 80 81 82 83 94 95 104 105 106 116 #

62 186970.0 43 44 56 68 #

62 252927.0 30 43 54 55 #

62 119879.0 29 42 43 44 #

63 558391.0 5 6 7 8 17 18 19 30 31 32 #

63 683771.0 6 18 19 20 30 31 32 44 56 57 #

63 602388.0 5 6 16 17 18 28 29 30 31 42 #

63 518707.0 1 3 5 6 14 15 16 17 18 28 #

63 379891.0 5 6 7 8 9 18 19 20 21 31 #

64 677935.0 106 115 116 117 118 128 129 130 140 #

64 928294.0 92 103 104 105 117 127 128 129 140 #

64 768453.0 104 115 116 127 128 129 139 140 141 #

64 738474.0 103 104 105 115 116 126 127 138 139 #

64 682930.0 103 114 116 126 127 128 138 139 140 #

64 613250.0 105 106 117 118 119 129 130 140 141 #

65 203979.0 89 135 136 #

65 213765.0 77 78 89 #

66 183984.0 124 #

67 427900.0 72 85 88 98 99 111 #

68 76009.0 26 52 63 64 76 #

69 488875.0 98 110 111 122 123 #

69 448246.0 110 111 122 123 134 #

69 378875.0 110 122 123 133 135 #

69 239694.0 99 111 112 123 124 #

69 205280.0 85 96 97 98 110 #

69 124090.0 112 121 122 123 134 #

70 458762.0 119 131 141 142 143 #

70 489497.0 119 131 142 143 148 #

70 467639.0 94 95 107 119 131 #

70 386290.0 119 130 131 142 143 #

70 303175.0 129 140 141 142 143 #

70 211452.0 0 130 141 142 143 #

71 28440.0 147 #

72 647710.0 21 33 34 35 45 46 47 57 58 59 #

72 861395.0 8 9 10 11 21 22 33 102 103 104 #

72 729432.0 9 21 22 23 34 35 46 47 58 59 #

72 668708.0 7 8 9 10 19 21 22 23 32 33 #

72 593183.0 45 46 57 58 64 77 90 102 103 113 #

72 495396.0 8 9 10 11 21 23 32 33 34 35 #

73 299299.0 34 45 47 59 #

73 384290.0 35 46 47 59 #

73 309973.0 46 47 58 59 #

73 230827.0 21 34 45 47 #

74 201010.0 79 80 81 #

74 267266.0 81 93 94 #

74 160106.0 80 81 93 #

75 504168.0 48 60 72 73 84 85 96 108 109 #

75 658787.0 48 49 60 72 73 84 85 96 98 #

75 545977.0 12 24 36 48 49 60 61 72 73 #

75 481796.0 39 40 48 49 50 51 60 61 72 #

75 401897.0 29 40 42 51 60 62 72 73 85 #

75 326579.0 73 84 85 96 97 109 110 111 123 #

76 1422209.0 110 120 121 122 123 124 132 133 134 135 #

76 1466139.0 110 111 121 122 123 124 125 133 134 135 #

76 1449315.0 110 111 120 121 122 123 124 132 133 134 #

76 1444333.0 110 111 120 121 122 123 132 133 134 135 #

76 1431521.0 109 110 111 120 121 122 123 124 133 134 #

76 1411735.0 110 112 113 121 122 123 124 125 135 136 #

77 493226.0 21 34 35 46 47 59 #

77 664808.0 21 34 39 45 46 51 #

77 563634.0 21 22 32 33 34 44 #

77 486368.0 21 23 34 35 47 59 #

77 455347.0 20 21 22 31 33 34 #

77 395832.0 34 45 46 47 58 59 #

78 74355.0 57 58 #

78 52664.0 46 58 #

79 407355.0 41 44 45 54 66 #

79 582610.0 16 17 29 41 54 #

79 541304.0 41 53 65 66 67 #

79 478590.0 29 41 42 54 55 #

79 324762.0 44 45 56 68 69 #

79 193745.0 34 43 44 45 56 #

80 251810.0 15 16 #

80 237754.0 16 28 #

80 174648.0 15 26 #

81 340148.0 123 134 135 136 #

81 407466.0 123 124 135 136 #

81 353931.0 110 111 112 123 #

29 1197694.0 69 80 81 82 83 94 95 105 106 107 117 #

82 730965.0 72 73 84 85 96 98 109 #

82 641079.0 72 73 74 84 85 96 98 #

82 620747.0 73 74 85 86 98 99 110 #

82 580521.0 73 84 85 87 96 98 99 #

82 560463.0 9 10 20 21 60 72 85 #

82 539157.0 73 85 87 97 98 99 109 #

83 61007.0 86 #

84 425217.0 11 23 35 47 113 114 126 #

84 596447.0 46 47 58 69 98 111 124 #

84 502839.0 90 101 102 103 113 114 125 #

84 445515.0 10 11 23 35 46 47 59 #

84 435131.0 10 23 34 35 45 46 57 #

84 398385.0 102 114 115 125 126 127 139 #

85 290219.0 49 61 #

53 185520.0 50 62 #

86 210090.0 70 #

87 72580.0 1 #

88 750486.0 94 105 106 117 129 130 140 141 #

88 649181.0 115 116 117 126 127 128 139 140 #

88 641531.0 82 92 94 95 104 105 107 116 #

88 623551.0 106 116 117 118 128 129 140 141 #

88 622282.0 93 94 95 103 104 105 106 117 #

88 596484.0 105 117 118 130 131 141 142 143 #

68 175941.0 27 28 40 52 64 #

68 189589.0 28 29 40 41 53 #

68 116684.0 52 63 64 76 77 #

89 261916.0 5 16 17 29 30 #

89 376053.0 14 15 16 27 39 #

89 370262.0 16 17 29 30 42 #

89 320893.0 17 29 30 42 43 #

89 171512.0 5 6 17 29 42 #

90 236467.0 78 90 103 #

90 269803.0 103 104 105 #

90 216743.0 89 90 103 #

90 187844.0 77 78 79 #

91 328496.0 51 62 74 75 #

91 426573.0 39 51 63 75 #

91 368005.0 51 62 63 74 #

91 362916.0 62 74 75 76 #

91 271326.0 62 63 73 85 #

92 161412.0 66 #

93 113962.0 95 106 #

93 145825.0 106 117 #

94 539806.0 3 5 6 16 17 18 28 29 30 31 39 40 41 42 44 53 54 65 #

94 782931.0 5 6 15 16 17 18 29 30 39 40 41 42 43 51 54 55 56 68 #

94 636178.0 8 9 16 17 19 20 29 30 31 32 33 39 40 41 42 43 44 51 #

94 621429.0 5 6 17 18 29 30 31 32 38 40 41 43 44 45 51 53 54 64 #

94 580738.0 15 16 17 28 29 30 31 34 35 40 41 42 43 45 53 56 57 66 #

94 425290.0 29 30 32 40 41 42 43 44 53 54 66 68 69 70 78 79 80 81 #

95 125689.0 146 #

96 2075.0 150 #

97 255625.0 86 98 99 110 111 #

97 342507.0 98 99 111 123 124 #

97 288524.0 76 88 99 110 111 #

97 209918.0 85 97 98 99 111 #

97 195845.0 76 86 87 98 99 #

29 1031375.0 70 71 82 83 93 94 95 105 106 107 117 #

29 1210107.0 82 83 94 95 105 106 117 118 129 130 131 #

29 1199562.0 81 82 83 94 95 106 107 119 130 131 142 #

98 196014.0 7 19 #

98 185057.0 8 19 #

99 103678.0 6 #

100 94388.0 22 #

101 568060.0 80 81 82 92 93 94 #

101 696283.0 78 79 80 91 92 93 #

101 604706.0 69 81 82 83 94 95 #

101 570850.0 69 81 82 92 93 94 #

101 558637.0 69 80 81 82 92 93 #

101 533143.0 79 80 83 93 94 95 #

102 165487.0 102 113 114 125 #

103 129250.0 44 56 57 68 #

104 575841.0 21 33 34 35 45 46 47 58 69 #

104 825513.0 26 27 57 58 70 71 82 83 94 #

104 776207.0 10 21 22 23 34 35 45 46 47 #

104 750844.0 34 35 45 46 47 57 58 59 69 #

104 718091.0 57 58 69 71 82 83 93 94 95 #

104 614719.0 21 32 33 34 45 46 47 58 59 #

105 127044.0 3 #

106 143132.0 132 #

107 714912.0 0 2 12 13 14 24 25 26 36 #

107 1034675.0 2 3 13 14 15 16 26 27 39 #

107 968035.0 0 1 3 12 13 14 15 16 27 #

107 916069.0 14 25 26 27 36 37 38 49 50 #

107 809130.0 0 1 2 12 13 24 36 37 38 #

107 743539.0 0 13 15 24 25 26 27 36 37 #

108 131762.0 105 #

109 202877.0 121 122 134 #

109 280408.0 120 121 134 #

109 218223.0 110 121 122 #

110 293513.0 1 12 13 24 25 26 #

110 400875.0 12 13 24 36 48 49 #

110 286327.0 15 24 25 26 27 37 #

111 287711.0 43 45 56 57 #

111 423485.0 43 55 88 99 #

111 393810.0 43 56 57 123 #

111 175958.0 45 56 57 68 #

111 136639.0 45 56 57 69 #

112 147707.0 78 #

113 804768.0 58 69 71 100 113 115 125 126 127 128 138 139 140 #

113 1064873.0 27 39 86 98 109 110 111 112 113 123 124 125 126 #

113 1050228.0 33 34 35 45 46 47 56 57 58 69 70 71 83 #

113 999728.0 5 6 89 90 91 92 103 104 115 126 127 128 139 #

113 987463.0 21 32 33 34 35 45 56 57 58 69 70 71 83 #

113 915865.0 92 93 94 104 105 106 107 115 116 117 118 126 127 #

114 691590.0 73 84 86 87 96 97 98 109 110 111 #

114 980173.0 48 60 72 73 84 85 86 96 97 98 #

114 855845.0 91 96 97 102 103 108 109 110 114 127 #

114 772925.0 85 86 96 97 98 109 110 111 124 135 #

114 770724.0 72 73 74 75 84 85 96 97 98 110 #

114 729046.0 86 87 88 96 97 98 99 100 101 111 #

115 1073238.0 93 94 95 105 106 107 118 119 131 #

115 1166316.0 82 94 95 106 107 117 118 119 131 #

115 1144584.0 95 106 107 118 119 130 131 142 143 #

115 1116952.0 83 95 106 107 117 118 119 130 131 #

115 1102091.0 94 95 105 106 107 117 118 130 131 #

115 1015043.0 83 94 95 106 107 117 118 131 142 #

116 341812.0 77 89 101 113 114 125 126 #

116 509869.0 111 112 113 123 124 125 126 #

116 438915.0 102 103 113 114 125 137 138 #

116 402760.0 91 100 103 113 114 115 126 #

116 330635.0 103 114 115 125 126 137 138 #

116 299284.0 65 77 89 90 100 101 113 #

117 431153.0 110 120 121 122 123 135 #

117 381990.0 121 122 123 124 134 135 #

117 368356.0 108 109 120 121 122 123 #

117 341188.0 97 109 110 121 122 134 #

117 336568.0 110 120 121 122 132 134 #

118 324199.0 64 65 77 89 #

118 425754.0 89 90 101 102 #

118 383032.0 64 77 78 90 #

118 377172.0 64 65 76 77 #

118 91763.0 52 53 64 65 #

119 382067.0 69 70 73 80 81 #

119 474522.0 67 68 69 80 81 #

119 467926.0 67 68 69 70 79 #

119 433110.0 69 70 81 82 83 #

119 325096.0 69 78 79 80 81 #

119 92089.0 62 73 84 85 96 #

120 146058.0 125 #

121 163840.0 62 73 #

121 85724.0 62 63 #

122 717194.0 70 71 81 82 83 95 107 #

122 881341.0 45 58 69 70 71 82 83 #

122 864843.0 70 71 82 83 94 95 106 #

122 755837.0 69 70 71 82 83 94 95 #

122 697497.0 82 94 105 106 107 117 119 #

122 618786.0 53 54 55 66 70 82 83 #

123 155010.0 96 97 #

123 142059.0 86 97 #

124 48138.0 2 #

125 713524.0 7 9 19 20 21 22 32 33 34 35 47 142 #

125 1049225.0 8 9 10 11 21 22 23 32 34 35 46 47 #

125 938219.0 8 9 10 11 19 20 21 22 23 31 32 33 #

125 832174.0 7 8 9 10 11 19 20 21 23 33 34 45 #

125 821555.0 9 10 11 23 33 34 35 45 46 47 57 58 #

125 786751.0 8 9 10 20 21 22 23 31 32 33 35 47 #

126 354488.0 125 126 127 138 139 #

126 503297.0 113 126 127 128 139 #

126 244505.0 113 125 127 137 138 #

126 221184.0 100 102 113 114 126 #

126 203132.0 103 115 116 126 127 #

126 187609.0 113 125 126 137 138 #

127 1081364.0 0 1 2 3 4 12 13 14 15 16 17 24 25 26 36 37 38 39 49 50 62 94 95 107 119 #

127 1559710.0 0 1 2 3 4 12 13 14 15 24 25 26 36 48 49 50 51 60 61 62 72 73 84 85 96 #

127 1475717.0 12 24 36 37 38 40 48 49 50 51 52 60 61 62 63 64 72 73 74 75 76 77 85 86 119 #

127 1423217.0 0 1 3 4 12 13 14 15 24 25 26 27 36 37 48 49 50 60 61 62 72 73 74 85 86 #

127 1385754.0 0 1 7 8 9 12 13 14 15 19 20 21 24 25 26 27 31 33 34 36 45 46 49 50 60 #

127 1307274.0 0 1 12 13 14 15 24 25 26 36 37 38 46 48 49 60 61 114 126 127 137 138 139 140 141 #

128 559779.0 33 34 35 44 45 46 47 56 57 58 69 #

128 797564.0 8 9 19 21 33 34 35 45 46 47 59 #

128 766338.0 20 21 22 34 35 45 46 47 57 58 59 #

128 725657.0 20 21 34 35 44 45 46 47 56 57 58 #

128 714010.0 8 9 20 21 31 34 35 46 47 58 93 #

128 713757.0 34 43 44 45 47 56 57 68 81 82 94 #

129 397121.0 38 49 50 51 #

129 437051.0 50 51 64 77 #

130 131433.0 17 29 #

130 21931.0 6 17 #

131 269437.0 32 33 #

102 310666.0 123 124 135 136 #

132 248223.0 3 15 #

132 156446.0 2 3 #

133 1128790.0 72 73 74 84 85 86 96 97 98 108 109 110 120 121 122 134 #

133 1645898.0 5 6 16 17 29 30 39 40 41 42 53 54 55 66 73 84 #

133 1640400.0 8 9 10 11 19 20 23 31 35 72 73 84 85 86 87 96 #

133 1157423.0 72 73 84 85 86 87 96 97 98 109 110 111 120 121 122 134 #

133 1016933.0 73 84 86 97 98 108 109 110 111 120 121 122 123 132 133 134 #

133 1001577.0 73 76 84 85 86 87 88 89 96 97 98 99 108 109 111 123 #

134 1098828.0 83 95 104 105 106 117 118 119 129 130 131 142 #

134 1207831.0 49 50 51 62 73 95 104 105 106 107 118 131 #

134 1201554.0 68 69 81 82 83 94 95 105 106 117 118 130 #

134 1192757.0 82 94 105 106 107 117 118 119 129 130 131 143 #

134 1143534.0 95 105 106 107 117 118 119 129 130 131 142 143 #

134 1098363.0 90 101 102 103 104 113 116 117 127 128 129 140 #

135 596329.0 89 90 102 103 104 114 115 116 #

135 854475.0 92 93 103 104 105 116 128 139 #

135 853195.0 63 75 76 77 78 89 90 102 #

135 838343.0 53 104 116 127 128 129 140 141 #

135 829274.0 103 114 125 126 127 137 138 139 #

135 808037.0 90 91 102 103 104 105 108 114 #

136 111989.0 16 #

137 207593.0 123 124 134 135 #

137 228003.0 121 134 135 136 #

137 221384.0 111 112 124 136 #

137 204593.0 123 133 134 135 #

137 124893.0 122 123 134 135 #

138 129243.0 25 #

67 456196.0 123 124 134 135 136 137 #

139 971477.0 33 34 45 46 47 58 59 69 82 #

139 949337.0 45 57 58 69 70 81 82 83 94 #

139 914970.0 42 43 44 45 46 47 56 57 58 #

139 873824.0 34 45 46 57 58 68 69 70 71 #

139 865468.0 34 43 44 45 46 47 55 58 59 #

139 826477.0 20 32 44 45 57 69 70 80 81 #

140 112991.0 138 #

141 456923.0 106 117 127 128 129 130 138 139 140 141 150 #

141 644849.0 105 106 107 114 115 117 126 127 128 129 130 #

141 522848.0 114 115 116 126 127 128 129 138 139 140 141 #

141 451875.0 92 93 104 105 106 116 117 118 128 129 130 #

141 413932.0 93 104 105 106 116 117 118 128 129 130 139 #

141 321830.0 20 30 31 32 42 43 44 45 46 56 150 #

142 311712.0 105 106 107 #

142 341037.0 106 107 119 #

142 305603.0 93 94 105 #

143 198630.0 87 100 #

143 89212.0 99 100 #

144 440202.0 19 20 31 43 44 45 56 #

145 252724.0 5 6 17 #

145 248821.0 5 17 29 #

145 144015.0 16 17 29 #

146 453552.0 118 119 131 143 #

146 537481.0 106 117 118 130 #

146 210086.0 117 130 131 143 #

146 141152.0 130 131 142 143 #

147 58041.0 28 29 40 41 52 #

148 114554.0 42 #

149 132827.0 9 10 11 23 #

149 141528.0 8 9 10 11 #

67 437963.0 98 111 123 124 135 136 #

67 568422.0 99 100 111 124 135 136 #

67 523541.0 124 125 136 137 138 139 #

67 499280.0 109 110 111 123 124 135 #

150 593592.0 16 26 27 28 29 40 #

150 693359.0 16 25 26 27 28 29 #

150 604066.0 16 17 29 30 40 51 #

150 581404.0 28 29 40 52 130 131 #

150 560502.0 16 17 28 29 40 52 #

150 557904.0 1 2 13 14 15 26 #

151 219083.0 24 36 37 38 40 51 #

151 245195.0 40 51 52 64 75 76 #

151 225650.0 24 25 36 37 48 60 #

151 148990.0 24 36 37 38 49 50 #

151 28908.0 17 28 29 40 41 52 #

152 209031.0 50 62 74 #

152 283690.0 50 51 62 #

152 259861.0 62 74 75 #

153 524702.0 5 6 16 17 28 29 #

153 601585.0 17 28 29 30 40 41 #

153 567583.0 5 6 7 18 31 43 #

153 550190.0 16 17 28 29 30 40 #

153 482862.0 5 17 29 30 31 43 #

153 422553.0 16 28 29 41 42 43 #

154 186171.0 90 91 103 #

154 101958.0 79 90 91 #

155 622178.0 3 14 15 16 17 26 27 29 30 39 42 67 #

155 906655.0 5 16 17 26 27 38 39 40 50 51 64 65 #

155 883849.0 28 29 41 42 43 44 53 54 55 56 57 69 #

155 875070.0 27 39 40 41 48 49 50 51 52 63 64 65 #

155 827173.0 44 45 46 57 58 67 68 69 71 80 81 94 #

155 790290.0 0 1 3 12 13 14 24 25 26 36 138 139 #

156 405947.0 14 58 68 69 71 #

156 541091.0 57 58 68 69 79 #

156 505588.0 45 57 58 69 71 #

156 230728.0 68 69 70 80 81 #

156 227080.0 14 15 26 125 137 #

157 209876.0 32 44 45 #

157 207275.0 45 46 58 #

157 168991.0 18 31 44 #

157 132442.0 20 32 44 #

144 425102.0 33 34 43 44 45 46 47 #

144 580592.0 9 21 34 45 46 47 59 #

144 578326.0 30 43 44 45 46 56 58 #

144 514580.0 21 34 35 44 45 46 47 #

144 496044.0 21 32 33 34 43 44 45 #

158 436136.0 66 77 78 90 #

158 414439.0 78 90 101 102 #

158 341186.0 53 65 66 78 #

158 329280.0 63 64 76 77 #

158 168443.0 41 42 54 66 #

159 472767.0 58 68 69 70 80 #

159 513444.0 7 8 57 68 69 #

159 420884.0 67 68 69 79 80 #

159 339028.0 46 56 57 58 71 #

159 303078.0 58 69 70 71 83 #

159 237606.0 80 81 82 94 105 #

160 742422.0 3 15 16 25 26 27 28 #

160 1053274.0 1 2 6 14 15 16 17 #

160 825826.0 2 3 14 15 26 27 28 #

160 824998.0 2 3 16 17 27 28 29 #

160 823675.0 14 15 16 26 27 127 138 #

160 783830.0 14 15 16 25 26 27 28 #

161 373667.0 25 36 37 97 #

161 516986.0 13 24 25 36 #

161 373656.0 25 36 37 48 #

161 305305.0 24 36 37 49 #

161 136939.0 86 96 97 98 #

162 259589.0 62 63 74 #

162 295674.0 63 75 87 #

162 145546.0 50 62 74 #

163 160435.0 95 107 #

163 239034.0 95 106 #

163 152005.0 106 107 #

164 186915.0 105 106 107 #

164 52239.0 80 93 105 #

165 44443.0 93 #

166 261487.0 21 22 #

166 198113.0 21 32 #

167 702907.0 1 12 13 24 36 37 38 39 49 50 #

167 969028.0 50 51 62 63 69 74 75 81 82 93 #

167 942881.0 0 1 2 3 12 13 15 24 25 36 #

167 847886.0 15 16 28 29 39 40 51 52 62 74 #

167 795776.0 0 1 2 3 4 12 13 14 24 26 #

167 746953.0 1 12 13 14 25 37 48 49 60 61 #

168 228042.0 11 23 123 134 #

168 271469.0 10 11 22 23 #

168 192490.0 122 123 124 134 #

169 1074792.0 65 68 69 77 78 79 81 82 90 91 92 93 94 95 104 106 #

169 1594851.0 56 67 68 69 77 78 79 80 81 82 83 90 94 95 100 101 #

169 1455594.0 63 64 65 75 76 77 78 79 88 89 90 98 99 100 101 113 #

169 1362445.0 38 49 51 62 63 64 65 74 75 76 77 78 88 89 90 101 #

169 1322261.0 34 45 46 56 57 58 67 68 69 71 79 81 82 83 90 91 #

169 1252424.0 66 67 68 69 79 80 81 82 83 91 92 93 94 95 106 117 #

170 6249.0 7 #

171 162420.0 76 77 90 #

171 179512.0 64 65 77 #

171 109025.0 64 76 77 #

172 207484.0 48 49 #

172 132054.0 38 49 #

173 380295.0 120 121 132 133 #

173 193543.0 122 132 133 134 #

173 188818.0 121 122 132 133 #

174 548847.0 90 102 103 114 127 138 139 #

174 741762.0 65 66 68 78 79 90 101 #

174 654227.0 115 116 125 127 128 138 139 #

174 630367.0 77 89 90 91 102 103 115 #

174 528248.0 90 102 103 114 115 127 139 #

174 514940.0 90 102 103 104 115 116 128 #

175 946902.0 75 76 87 89 98 99 101 102 103 110 113 #

175 1128989.0 76 77 78 79 87 88 90 91 99 101 103 #

175 1017540.0 65 75 76 77 78 79 89 90 91 101 103 #

175 1017477.0 73 85 97 98 99 100 110 111 112 122 123 #

175 975257.0 39 50 62 73 74 84 85 86 87 98 111 #

175 962748.0 29 42 63 68 75 76 77 78 79 87 89 #

176 154082.0 114 115 127 #

176 169906.0 103 114 115 #

177 213480.0 124 125 126 127 128 137 138 139 #

177 226609.0 90 91 103 114 116 126 127 138 #

178 130458.0 38 #

179 270141.0 6 7 8 9 19 20 #

179 352881.0 9 10 20 21 23 31 #

179 343540.0 6 7 8 18 19 31 #

179 263630.0 5 6 17 29 30 42 #

179 208065.0 6 7 8 9 19 31 #

180 84632.0 77 #

181 341028.0 94 95 106 107 119 131 #

181 437283.0 95 106 107 118 119 131 #

181 434163.0 69 70 82 94 105 106 #

181 351149.0 81 93 94 106 118 119 #

181 283789.0 94 95 105 106 107 117 #

181 127610.0 117 118 129 130 131 142 #

182 239803.0 2 14 #

182 288129.0 2 3 #

182 232841.0 13 14 #

183 141460.0 19 31 #

183 168469.0 31 43 #

183 15419.0 19 20 #

184 209425.0 28 40 52 #

184 300731.0 40 41 53 #

184 164088.0 40 52 64 #

185 180711.0 20 21 #

185 232490.0 21 34 #

102 397264.0 125 136 137 138 #

186 277383.0 63 64 76 #

186 258130.0 63 76 77 #

186 193859.0 58 64 71 #

187 366306.0 3 15 16 27 #

187 411821.0 14 15 25 26 #

187 404230.0 1 3 13 14 #

187 370780.0 27 28 40 52 #

187 164110.0 3 16 29 30 #

188 383855.0 113 114 126 127 #

188 397126.0 89 101 113 126 #

188 370426.0 103 114 115 126 #

188 344725.0 114 115 126 127 #

188 341531.0 113 114 115 126 #

189 83366.0 48 60 #

189 86249.0 60 61 #

190 317025.0 102 103 114 #

190 274327.0 91 103 104 #

190 241841.0 103 114 115 #

190 170013.0 90 102 114 #

191 259061.0 112 123 124 135 136 #

191 337935.0 123 124 134 135 136 #

191 243324.0 124 125 135 136 137 #

191 227061.0 122 123 124 134 135 #

191 217365.0 112 124 125 136 137 #

191 209479.0 100 112 123 124 136 #

192 110711.0 43 #

193 483815.0 44 56 57 68 69 79 82 #

193 644426.0 20 31 43 44 45 56 57 #

193 643846.0 43 44 45 56 57 69 70 #

193 597438.0 34 43 45 56 57 68 69 #

193 567296.0 44 45 56 57 68 69 82 #

193 479695.0 79 80 90 91 92 93 94 #

194 1063495.0 33 45 56 57 66 68 69 70 71 77 78 79 80 89 93 #

194 1311368.0 57 58 69 70 71 80 81 82 83 93 94 95 105 106 118 #

194 1209745.0 35 43 45 46 47 56 57 58 59 68 69 70 71 82 83 #

194 1167636.0 54 56 57 58 66 68 69 71 79 80 81 82 92 94 95 #

194 1153607.0 43 44 45 46 56 57 58 67 68 69 70 71 79 80 82 #

194 1141255.0 31 44 79 80 81 93 94 95 104 105 106 116 117 128 140 #

195 264673.0 39 40 #

196 696680.0 16 17 18 19 20 21 29 30 31 32 42 43 44 53 54 #

196 1015259.0 44 45 56 57 94 105 106 107 117 118 119 130 131 142 143 #

196 1005047.0 21 30 31 32 33 34 35 42 43 44 45 46 47 55 58 #

196 1004233.0 28 29 30 31 40 41 42 43 53 54 55 56 65 66 67 #

196 998646.0 6 16 17 29 30 31 32 41 42 43 44 53 54 55 65 #

196 996716.0 29 31 32 40 41 42 43 44 51 53 54 55 65 66 78 #

197 342018.0 21 22 32 #

197 490767.0 10 21 22 #

197 314602.0 9 21 32 #

197 289301.0 21 22 34 #

198 412625.0 2 3 4 61 #

198 352893.0 1 2 3 4 #

198 255574.0 0 1 2 14 #

198 221497.0 48 49 60 61 #

198 187684.0 2 3 14 16 #

199 543440.0 15 16 17 27 28 39 #

199 618405.0 3 4 15 26 27 28 #

199 492667.0 15 16 17 26 27 39 #

199 491412.0 27 39 50 51 62 74 #

199 440159.0 15 16 26 27 39 50 #

199 392700.0 15 16 27 28 39 40 #

200 805855.0 98 110 111 123 124 134 135 #

200 871096.0 98 99 110 111 112 124 125 #

200 825914.0 86 87 97 98 100 110 111 #

200 813620.0 76 86 87 88 89 98 100 #

200 784362.0 111 112 123 124 134 135 136 #

200 701074.0 98 110 112 122 123 134 135 #

201 205122.0 112 122 123 #

201 276106.0 100 101 112 #

201 214473.0 110 122 123 #

202 505859.0 97 98 99 100 101 111 113 125 126 #

202 649217.0 52 62 63 64 76 88 99 100 101 #

202 575936.0 85 87 88 93 98 99 100 101 111 #

202 533601.0 75 123 124 125 126 134 135 136 137 #

202 522744.0 60 72 73 84 85 96 97 109 121 #

202 512323.0 72 85 86 87 88 96 98 99 100 #

203 335907.0 87 88 100 #

203 267972.0 76 87 100 #

203 208418.0 88 100 112 #

203 128933.0 87 100 113 #

204 364540.0 91 127 138 139 #

204 419660.0 79 80 91 92 #

204 353907.0 127 128 138 139 #

204 282891.0 126 127 138 139 #

205 282633.0 9 20 21 31 32 33 34 44 #

205 354221.0 9 20 21 22 31 32 33 34 #

205 295931.0 11 21 23 32 33 34 35 47 #

205 180387.0 20 21 31 32 44 45 56 58 #

205 161668.0 19 20 21 31 32 43 44 56 #

205 144442.0 9 20 21 30 31 32 43 44 #

206 293664.0 43 54 55 #

206 319203.0 43 44 55 #

206 260816.0 42 54 55 #

206 67746.0 41 53 54 #

207 224078.0 13 24 #

207 141253.0 12 24 #

102 518868.0 113 125 136 137 #

208 202996.0 124 135 136 #

208 259406.0 50 123 124 #

209 168036.0 8 9 19 20 21 31 34 45 47 #

209 239288.0 5 6 7 9 18 19 20 31 32 #

209 191214.0 7 8 9 18 19 20 31 32 44 #

209 149076.0 9 17 19 20 21 30 31 32 34 #

210 315419.0 21 32 34 47 #

210 437868.0 21 32 33 44 #

210 426515.0 20 32 33 34 #

210 369344.0 33 34 35 47 #

210 311939.0 21 33 34 46 #

211 168165.0 121 122 123 133 134 135 #

212 164690.0 18 19 #

212 67345.0 18 31 #

213 362501.0 121 122 133 #

213 249724.0 109 121 134 #

213 184710.0 132 133 134 #

214 684740.0 48 60 72 84 85 86 87 98 138 #

214 875668.0 48 49 50 60 61 72 73 84 85 #

214 658181.0 24 36 39 48 49 50 60 61 72 #

214 657466.0 48 49 60 61 72 85 97 98 109 #

214 622332.0 72 73 75 84 85 86 87 97 98 #

214 621686.0 49 50 62 72 73 85 96 109 110 #

215 205605.0 23 34 35 #

215 174420.0 10 23 35 #

215 74232.0 23 35 47 #

216 205817.0 117 130 #

216 185309.0 118 130 #

217 820791.0 74 75 76 84 85 96 97 98 108 109 110 #

217 1065256.0 40 51 62 74 84 85 96 97 98 110 111 #

217 1026952.0 51 62 63 64 72 73 74 75 84 85 96 #

217 1008157.0 51 62 63 72 73 74 75 84 85 87 98 #

217 837406.0 48 49 84 85 96 97 98 110 121 122 123 #

217 789254.0 74 84 85 96 98 109 110 111 121 122 123 #

218 533365.0 0 1 2 3 13 14 16 26 #

218 683671.0 0 1 3 14 15 16 26 27 #

218 681930.0 3 5 15 16 17 29 30 90 #

218 672905.0 0 1 12 13 14 24 25 37 #

218 596586.0 0 2 3 12 13 14 24 26 #

218 555071.0 13 15 16 17 26 27 28 30 #

219 104695.0 55 #

220 149242.0 71 83 #

221 47346.0 104 #


