2

86

73

30

0 29501.0 62 #

1 109741.0 71 #

2 143650.0 49 58 59 #

2 194536.0 39 49 50 #

2 92624.0 49 57 58 #

3 121154.0 14 #

4 816319.0 0 1 3 4 5 6 11 12 13 21 22 30 31 40 #

4 1126153.0 1 2 3 4 5 11 14 18 20 22 28 29 30 37 #

4 1033534.0 0 1 2 3 9 10 11 18 20 25 29 30 37 81 #

4 1021123.0 1 2 3 4 11 13 19 20 21 22 29 30 31 40 #

4 971026.0 0 1 2 3 4 5 10 11 12 20 28 37 45 46 #

4 890241.0 18 19 20 27 28 29 30 36 37 45 46 47 48 54 #

4 879786.0 3 4 5 6 11 12 13 20 21 22 28 29 30 38 #

4 862532.0 1 2 4 5 6 11 12 13 15 20 21 22 24 28 #

4 851504.0 0 1 2 3 4 5 6 9 11 12 13 21 22 31 #

4 811161.0 2 3 4 5 6 12 13 20 21 22 29 30 31 61 #

5 25416.0 68 #

6 43527.0 33 #

7 284413.0 61 68 69 77 78 #

7 298549.0 32 60 61 69 70 #

7 264268.0 59 61 69 70 77 #

7 202186.0 67 69 70 77 78 #

7 155574.0 59 67 69 77 78 #

7 77985.0 58 59 60 66 68 #

8 151415.0 2 3 #

8 159576.0 2 11 #

8 149128.0 3 18 #

9 133776.0 49 50 60 #

9 159415.0 40 48 49 #

10 151918.0 48 49 #

11 231856.0 13 14 22 #

11 173142.0 5 13 22 #

11 165500.0 14 24 25 #

11 123240.0 22 48 82 #

12 262714.0 33 42 43 51 #

12 290823.0 3 42 43 51 #

12 189202.0 33 42 51 60 #

12 115410.0 33 42 51 77 #

13 42440.0 61 #

14 67072.0 54 64 #

15 192095.0 49 58 66 #

15 249174.0 57 58 66 #

15 214619.0 40 48 49 #

16 133022.0 21 #

17 85270.0 49 #

18 114482.0 25 26 #

18 157673.0 26 34 #

18 52233.0 24 25 #

19 59385.0 64 #

20 155401.0 1 10 #

20 159316.0 1 2 #

21 128872.0 83 #

22 69108.0 54 63 #

23 191982.0 55 64 72 73 #

23 266184.0 37 46 54 55 #

23 250616.0 20 28 54 64 #

23 138200.0 63 64 72 73 #

23 113134.0 64 65 72 73 #

24 320955.0 2 3 11 20 #

24 375647.0 1 2 10 11 #

24 352581.0 2 3 11 12 #

24 348216.0 19 20 28 29 #

24 332739.0 2 11 12 21 #

25 105372.0 72 73 #

25 85301.0 64 73 #

26 103103.0 20 #

27 33436.0 27 #

28 350247.0 20 58 61 69 #

28 363032.0 20 30 31 39 #

28 298117.0 61 70 73 76 #

28 274963.0 1 11 39 69 #

28 241185.0 17 58 66 67 #

29 94931.0 15 #


