2

204

184

27

0 2472412.0 13 38 51 52 53 54 55 64 65 66 67 68 69 76 77 78 79 80 81 82 83 92 93 94 95 96 97 108 109 110 111 122 123 124 125 136 202 #

0 3220704.0 11 12 13 17 24 25 26 27 30 32 40 45 46 47 48 58 59 60 61 62 73 74 75 84 86 87 98 99 100 101 112 113 126 127 170 177 191 #

0 3155600.0 32 44 45 46 47 59 61 68 78 79 80 81 82 83 86 92 93 94 95 96 97 98 99 107 108 109 110 111 112 113 119 122 123 124 132 137 159 #

0 2996885.0 1 2 14 15 16 28 29 30 32 43 44 45 46 47 48 58 59 60 61 62 63 73 74 75 76 86 87 88 89 90 91 100 102 103 104 109 123 #

0 2909266.0 17 18 19 20 29 30 31 32 43 44 46 58 68 80 81 82 83 89 94 95 96 97 102 106 107 108 109 110 111 120 121 122 123 124 133 134 135 #

0 2899671.0 6 7 9 16 20 21 22 23 24 30 32 33 35 36 37 38 44 45 49 50 51 52 53 58 59 60 66 68 73 82 83 96 97 158 170 171 172 #

0 2889450.0 3 4 16 17 18 30 31 32 40 44 45 46 53 54 66 68 69 79 80 82 83 93 94 95 96 97 106 107 108 109 110 111 122 123 137 155 158 #

0 2886263.0 5 19 20 21 36 37 38 39 41 49 50 51 53 58 60 64 73 74 75 76 86 87 88 89 99 102 103 104 109 110 111 123 124 125 136 137 182 #

0 2881962.0 0 1 2 3 14 16 17 19 30 32 33 44 45 46 47 48 53 58 59 60 61 62 67 75 81 89 96 97 110 111 120 122 123 124 136 137 146 #

1 66322.0 95 #

2 222876.0 135 136 137 #

2 227792.0 102 103 137 #

2 202813.0 120 134 135 #

2 125538.0 125 135 136 #

3 1270734.0 5 37 50 51 63 64 105 107 119 120 121 133 134 135 148 163 164 #

3 1301508.0 51 94 103 105 107 108 117 118 119 120 121 134 135 149 162 179 193 #

3 1282052.0 4 73 74 89 103 104 105 106 116 117 118 119 120 121 134 162 177 #

3 1263205.0 26 27 50 51 64 73 77 78 84 85 86 98 99 100 101 112 113 #

3 1248834.0 5 6 9 19 20 21 22 23 32 33 34 36 37 51 88 116 130 #

3 1227901.0 32 45 46 47 61 63 75 76 80 94 105 106 108 119 120 121 193 #

3 1191619.0 20 21 29 30 34 35 36 37 43 45 49 50 51 64 65 77 114 #

3 1152040.0 4 23 24 36 37 38 50 51 79 93 94 107 108 121 135 187 188 #

3 1143393.0 9 10 25 40 58 67 68 73 82 83 87 107 108 121 122 134 135 #

4 133852.0 8 22 #

4 184274.0 7 8 #

5 182541.0 161 162 176 #

5 246993.0 162 177 191 #

5 240549.0 176 177 190 #

5 187543.0 161 162 175 #

6 362993.0 91 92 103 104 106 117 118 #

6 523896.0 19 116 117 118 129 130 144 #

6 472121.0 22 102 103 104 105 118 119 #

6 426438.0 89 103 118 132 147 148 172 #

6 423783.0 105 106 107 108 119 120 121 #

6 374221.0 64 77 78 90 91 92 105 #

6 303332.0 76 77 89 91 104 150 151 #

6 288002.0 76 89 90 91 92 103 104 #

7 1560787.0 11 12 13 21 23 24 25 26 27 36 38 39 40 50 51 52 53 54 55 66 69 158 172 186 187 #

7 1936244.0 2 10 12 16 17 23 24 25 26 27 28 29 30 31 36 37 38 39 45 148 161 162 176 177 191 #

7 1922630.0 5 10 11 12 19 24 25 26 27 36 37 38 39 49 50 51 52 53 66 76 77 93 138 162 176 #

7 1911024.0 37 38 39 49 50 51 53 67 113 120 123 126 133 134 137 138 139 147 148 149 150 160 161 162 176 #

7 1905840.0 0 10 11 12 13 24 25 26 27 29 36 37 38 39 51 52 101 110 145 146 159 160 185 186 187 #

7 1894627.0 10 11 12 24 25 26 27 36 37 38 39 49 50 51 52 79 80 93 94 95 96 108 120 134 135 #

7 1866522.0 1 10 11 12 13 23 24 25 26 27 28 36 37 38 39 40 42 49 50 51 52 53 56 163 164 #

7 1852653.0 10 11 20 24 25 26 27 34 38 39 50 52 53 54 55 67 68 78 82 83 120 121 135 199 200 #

7 1848164.0 4 9 10 11 12 13 17 18 19 24 25 26 27 31 32 33 36 37 38 39 51 87 114 115 174 #

8 174208.0 60 61 #

8 187058.0 61 75 #

9 558128.0 38 91 105 117 118 138 139 153 167 #

9 724127.0 105 106 107 118 119 134 135 148 196 #

9 624909.0 41 90 91 104 105 116 117 118 129 #

9 529191.0 64 77 91 103 104 106 107 118 119 #

9 526953.0 76 89 90 103 104 116 117 118 129 #

9 519910.0 9 10 23 24 37 38 52 53 102 #

9 473445.0 82 83 96 97 111 125 138 139 153 #

9 437048.0 124 125 138 139 149 150 151 165 179 #

9 428157.0 129 164 165 166 167 177 178 181 195 #

10 717576.0 2 3 9 16 19 20 21 22 30 74 88 108 121 122 #

10 1051462.0 73 74 79 80 84 86 88 89 90 99 102 103 104 118 #

10 1041356.0 53 104 106 107 108 117 118 119 120 121 132 133 134 155 #

10 1006554.0 5 10 24 51 94 95 108 120 121 122 123 134 135 136 #

10 977047.0 7 9 21 22 23 24 25 26 36 39 78 86 160 174 #

10 958809.0 3 4 16 17 18 19 29 30 32 33 43 44 45 57 #

10 940847.0 4 17 28 29 30 31 32 33 43 44 45 46 57 58 #

10 940396.0 80 94 95 96 108 110 111 121 122 123 125 144 145 157 #

10 912074.0 60 61 62 73 74 75 76 85 86 87 88 89 103 104 #

11 1655772.0 34 94 108 109 122 123 124 125 138 148 153 160 161 162 174 175 176 177 188 189 190 #

11 1763831.0 3 4 5 6 12 13 17 18 19 20 21 31 32 33 34 35 71 85 86 99 113 #

11 1694257.0 85 86 87 100 101 123 124 146 147 148 149 160 161 162 173 174 175 176 177 190 191 #

11 1685917.0 37 89 102 103 105 118 119 134 135 146 147 148 149 160 161 162 175 176 177 190 191 #

11 1662651.0 65 66 79 80 94 108 122 144 145 147 148 159 160 161 163 173 174 175 176 177 188 #

11 1626809.0 9 15 23 29 38 39 48 50 51 52 53 145 147 148 149 152 160 161 162 175 176 #

11 1562329.0 25 26 57 58 59 60 73 74 75 86 87 100 162 175 176 177 178 179 190 191 192 #

11 1552909.0 78 79 80 88 94 106 107 109 110 111 119 121 122 123 132 134 135 136 148 149 163 #

11 1525394.0 80 94 96 107 108 109 110 121 122 123 124 125 136 137 147 150 158 161 162 176 177 #

12 668980.0 9 22 23 36 37 38 50 64 65 79 93 156 170 #

12 928501.0 51 52 64 65 66 67 78 79 80 92 93 168 182 #

12 927838.0 50 51 100 101 112 113 126 127 157 170 171 172 185 #

12 891736.0 50 64 65 67 77 78 79 80 91 92 93 107 121 #

12 872626.0 6 7 19 20 21 22 34 36 162 175 176 189 190 #

12 864015.0 21 23 35 36 37 38 39 49 50 51 52 53 86 #

12 811505.0 52 64 65 66 67 79 80 91 92 93 94 104 145 #

12 810071.0 9 23 37 38 39 51 52 53 67 136 137 150 151 #

12 783311.0 21 22 34 35 36 37 49 50 54 64 174 175 189 #

13 48794.0 163 173 #

13 42300.0 149 163 #

14 630379.0 119 134 148 161 162 175 176 177 190 191 192 #

14 813313.0 72 94 106 107 108 119 120 121 132 134 135 #

14 809153.0 164 165 177 178 179 180 189 190 191 192 193 #

14 779669.0 26 133 147 164 177 178 179 190 191 192 193 #

14 754714.0 119 131 132 164 165 177 178 190 191 192 193 #

14 729061.0 70 71 164 165 175 176 177 178 179 190 191 #

14 715284.0 78 104 105 118 119 131 132 133 134 140 152 #

14 665878.0 22 162 164 175 176 177 178 189 190 191 193 #

14 654182.0 71 72 148 149 150 161 162 175 176 189 190 #

15 892750.0 46 47 58 59 60 62 75 76 90 91 103 104 #

15 1023776.0 44 45 46 58 59 60 61 73 86 87 163 196 #

15 1021961.0 43 44 45 46 47 49 58 59 60 73 74 87 #

15 912825.0 36 37 38 46 47 50 51 58 59 61 64 187 #

15 904035.0 26 45 46 47 61 75 76 89 90 91 104 105 #

15 882325.0 45 46 47 48 59 60 61 62 89 91 104 118 #

15 804401.0 16 17 44 45 57 58 59 71 73 82 95 96 #

15 764230.0 65 77 78 79 80 83 89 90 91 92 102 103 #

15 760561.0 14 28 46 59 60 61 74 75 89 102 158 172 #

16 407879.0 8 9 20 21 22 23 36 #

16 573620.0 5 6 7 8 20 21 22 #

16 473680.0 6 7 8 21 22 36 37 #

16 401820.0 5 19 20 21 33 35 36 #

16 386148.0 9 10 21 22 23 24 36 #

16 385332.0 20 21 22 35 36 37 49 #

16 384408.0 7 8 9 22 23 164 165 #

16 307819.0 21 22 23 36 37 38 156 #

17 999201.0 68 82 83 97 109 110 111 123 124 125 136 137 138 139 151 153 #

17 1154677.0 4 18 19 68 80 82 83 95 96 97 109 110 111 123 124 125 #

17 1124833.0 23 29 43 80 94 108 110 111 121 122 123 124 125 136 137 150 #

17 1120240.0 38 76 89 102 110 123 124 137 145 146 162 164 176 177 178 191 #

17 1075804.0 65 79 80 81 95 96 97 105 109 110 111 118 122 123 136 137 #

17 1042630.0 46 59 60 61 66 80 82 83 95 97 109 110 111 122 123 125 #

17 1024087.0 1 2 3 15 16 22 30 41 95 109 110 121 122 123 136 137 #

17 1022705.0 53 54 68 69 82 83 96 97 110 111 113 123 124 136 137 199 #

17 1022405.0 7 66 78 79 80 92 95 109 121 122 123 124 136 137 150 151 #

18 191389.0 45 142 143 144 #

18 287022.0 105 126 141 142 #

18 247192.0 138 143 144 157 #

18 197854.0 127 141 142 143 #

19 294234.0 110 124 137 150 #

19 324027.0 123 124 136 137 #

19 212873.0 122 123 124 125 #

19 186962.0 110 122 123 176 #

19 140993.0 138 150 151 203 #

20 1207226.0 60 62 65 74 75 76 77 78 79 88 89 90 91 92 102 177 191 192 #

20 1485295.0 64 66 77 78 79 86 87 90 91 92 99 105 109 118 122 123 157 191 #

20 1439954.0 19 20 33 34 46 60 61 62 64 74 75 76 77 89 90 91 102 103 #

20 1372228.0 8 22 46 47 59 60 61 62 74 75 76 77 78 88 89 90 91 159 #

20 1311836.0 46 47 52 53 54 55 60 61 62 68 75 82 83 89 96 97 112 184 #

20 1293478.0 37 38 39 46 47 48 60 61 62 75 76 89 90 103 109 172 173 197 #

20 1285728.0 47 61 62 64 65 74 75 76 77 78 79 80 82 90 91 92 165 178 #

20 1281226.0 12 13 46 60 61 111 124 125 147 148 161 162 173 176 177 187 190 196 #

20 1281046.0 46 47 60 63 74 76 77 78 79 80 88 89 90 91 92 93 94 108 #

21 297365.0 116 117 118 189 #

21 313929.0 8 175 189 190 #

21 312272.0 18 116 117 118 #

21 259813.0 103 117 118 132 #

21 214342.0 116 130 131 144 #

22 1946904.0 32 33 44 45 59 60 71 73 74 84 85 98 99 100 101 145 158 159 160 172 173 174 185 186 187 188 #

22 1989576.0 71 72 73 84 85 86 98 99 100 138 150 151 153 164 165 167 174 175 176 177 178 179 180 191 192 193 #

22 1983604.0 89 104 106 116 117 118 119 128 129 130 131 132 133 134 142 143 144 145 157 159 160 172 173 174 175 187 #

22 1953960.0 5 6 7 8 19 20 21 22 36 37 38 44 45 50 51 57 58 59 73 91 104 106 152 168 183 196 #

22 1927054.0 19 21 30 32 33 34 35 36 37 43 44 45 46 56 57 58 59 60 70 71 72 73 100 101 113 178 #

22 1897147.0 0 1 7 8 14 15 28 29 43 48 49 57 101 105 106 107 119 120 121 133 134 135 156 172 185 186 #

22 1852543.0 0 1 15 28 29 43 44 84 85 86 99 100 101 112 113 120 126 134 135 136 137 140 141 149 150 151 #

22 1842832.0 32 33 65 78 79 80 92 100 101 105 106 132 133 134 146 147 159 160 172 173 174 175 186 187 188 189 #

22 1827512.0 32 73 74 89 90 91 94 95 96 102 104 109 110 123 124 125 138 159 160 167 172 173 174 186 187 188 #

23 2106430.0 37 51 62 67 68 69 80 81 83 95 96 97 109 110 111 120 121 122 123 124 125 135 136 137 138 159 160 172 174 185 187 188 #

23 2467277.0 30 42 43 44 45 57 58 59 108 120 122 132 133 134 139 146 147 148 153 159 160 161 162 172 173 174 175 176 186 187 188 196 #

23 2449229.0 17 29 30 31 32 37 38 43 44 45 50 51 52 57 58 69 71 73 82 96 109 110 111 123 124 125 130 137 149 150 151 163 #

23 2306068.0 11 12 13 17 18 26 30 31 32 42 45 46 56 58 59 60 61 73 87 98 109 110 111 122 123 124 136 137 150 152 166 167 #

23 2263598.0 45 46 48 60 61 62 75 76 77 78 83 89 90 91 97 104 109 110 111 123 124 125 136 138 139 147 153 159 160 166 167 171 #

23 2260344.0 8 9 10 17 22 23 24 32 36 45 46 47 59 61 73 75 105 118 119 120 121 132 133 134 135 147 148 149 160 162 174 202 #

23 2240864.0 44 56 57 58 59 70 71 73 108 120 121 122 123 135 157 161 162 165 171 172 173 176 177 178 179 185 186 187 188 193 194 201 #

23 2237569.0 7 8 9 10 22 25 90 91 105 106 108 119 120 121 122 123 130 132 133 134 135 148 149 161 162 163 164 165 175 176 189 190 #

23 2234290.0 60 61 82 98 99 100 104 105 112 113 114 118 119 120 123 124 127 128 132 133 134 135 136 137 141 142 145 146 147 155 160 174 #

24 1151892.0 9 10 22 39 41 53 55 84 86 98 99 100 106 112 113 176 177 190 #

24 1318193.0 123 146 147 148 159 160 161 165 174 175 176 177 178 179 189 190 191 193 #

24 1295167.0 3 57 71 85 98 99 112 113 126 127 132 141 142 163 164 180 181 195 #

24 1287975.0 20 43 57 58 69 73 74 83 86 87 88 98 99 100 112 113 146 147 #

24 1233582.0 57 58 59 71 72 73 84 85 86 98 99 112 113 126 140 141 155 201 #

24 1231624.0 5 8 9 20 21 22 23 34 52 66 105 118 137 140 168 169 170 171 #

24 1220153.0 16 17 29 30 31 43 56 57 70 71 72 84 98 99 112 113 126 127 #

24 1213829.0 42 56 57 58 70 71 73 74 75 84 85 88 98 99 100 112 113 150 #

24 1184664.0 11 12 26 27 38 39 40 41 51 53 54 66 67 68 69 83 114 141 #

25 230561.0 73 87 101 #

25 257722.0 58 73 87 #

25 250116.0 57 86 87 #

25 132506.0 56 100 101 #

26 742065.0 46 47 48 59 61 62 63 75 76 89 90 103 203 #

26 1025770.0 30 43 44 45 46 47 59 61 64 73 77 90 91 #

26 1010107.0 5 6 30 31 43 45 46 57 59 60 71 75 76 #

26 972008.0 18 19 30 32 33 45 46 47 48 59 60 61 73 #

26 965887.0 75 76 77 78 89 90 91 104 118 121 122 123 124 #

26 960484.0 26 44 45 46 47 48 60 61 62 75 103 104 118 #

26 823076.0 2 3 4 10 24 25 35 38 39 40 41 52 203 #

26 811591.0 46 47 58 59 60 62 73 74 75 76 87 89 101 #

26 794121.0 60 62 63 75 76 77 85 86 89 90 91 102 103 #


