2

214

567

221

0 536848.0 48 149 164 165 179 180 191 192 193 194 195 #

0 790064.0 15 28 29 44 45 167 179 180 181 194 195 #

0 752451.0 150 163 164 177 178 179 180 192 193 194 195 #

1 2228832.0 60 62 75 76 77 87 88 89 90 97 102 103 104 113 115 117 118 126 127 129 130 131 132 141 142 156 163 #

1 2487054.0 0 15 45 58 63 73 74 75 76 77 87 88 89 90 91 100 102 103 104 105 115 116 117 118 119 129 132 #

1 2477083.0 54 55 62 65 67 68 69 72 75 76 80 82 86 87 88 89 90 97 99 100 102 103 104 105 117 118 119 #

2 290383.0 8 28 #

2 342564.0 14 28 #

2 176739.0 8 183 #

3 506306.0 8 140 141 154 179 180 193 #

3 626225.0 107 127 140 141 142 154 169 #

3 568896.0 1 149 162 163 177 178 193 #

4 39855.0 133 #

5 542528.0 3 16 103 117 118 #

5 493060.0 89 90 103 179 194 #

5 487434.0 1 3 16 17 41 #

6 969320.0 39 89 90 91 92 104 105 107 108 122 123 #

6 1249428.0 92 93 94 104 105 106 118 119 120 132 133 #

6 1127154.0 80 91 92 94 95 107 108 122 123 137 141 #

7 1751208.0 105 113 119 120 128 133 134 141 142 143 144 154 155 156 168 169 170 171 184 185 #

7 1919467.0 71 86 88 89 102 103 115 116 127 128 130 131 140 141 142 143 144 155 156 168 #

7 1899035.0 4 5 6 35 51 52 60 75 88 89 90 92 102 104 105 106 119 133 147 205 #

8 1270556.0 125 138 139 151 152 153 162 164 165 166 176 179 192 197 #

8 1316714.0 138 139 151 152 153 165 166 167 179 180 181 192 194 195 #

8 1313249.0 20 33 47 138 139 152 153 165 166 167 172 180 187 188 #

9 354881.0 194 195 208 #

9 419976.0 167 197 208 #

9 249896.0 193 194 195 #

10 347180.0 104 115 128 130 #

10 221222.0 101 102 114 115 #

10 214731.0 114 128 142 143 #

11 75703.0 66 81 #

11 109666.0 81 82 #

12 2319320.0 42 56 57 58 66 70 72 73 75 84 85 86 87 88 98 99 100 101 102 112 116 120 121 135 149 #

12 2451850.0 28 42 43 56 57 58 70 71 73 74 84 85 86 87 98 99 100 112 113 125 137 138 139 151 152 #

12 2446393.0 38 43 49 50 53 57 63 71 73 74 84 85 86 87 88 90 99 100 101 102 103 114 116 117 143 #

13 665300.0 0 86 87 88 102 115 128 143 199 #

13 797111.0 75 77 90 103 115 116 129 130 199 #

13 739534.0 46 47 60 74 75 76 87 88 89 #

14 239625.0 29 42 43 44 #

14 310030.0 42 43 57 58 #

15 595435.0 8 9 10 11 12 24 25 26 39 209 #

15 747402.0 1 3 10 11 12 16 25 31 38 39 #

15 658846.0 9 10 11 12 24 25 26 39 51 52 #

16 498709.0 4 5 6 19 34 47 48 61 62 77 144 #

16 625730.0 3 31 33 46 47 48 59 62 63 72 77 #

16 559034.0 62 63 68 77 78 81 91 92 93 94 95 #

17 295360.0 48 172 173 174 #

17 419246.0 54 55 173 187 #

17 239067.0 157 171 172 173 #

18 295136.0 19 32 34 #

18 299880.0 19 33 34 #

18 225895.0 19 34 48 #

19 100146.0 203 #

20 70804.0 109 #

21 331006.0 123 138 139 152 213 #

21 482190.0 110 124 125 138 139 #

21 428754.0 61 123 124 138 139 #

22 88434.0 40 206 #

23 254804.0 39 40 52 138 153 #

23 313699.0 27 39 40 54 168 #

23 264490.0 44 139 153 165 166 #

24 274702.0 137 138 153 #

24 287836.0 137 150 163 #

24 253030.0 139 152 153 #

25 232403.0 135 149 #

25 242232.0 120 135 #

25 184144.0 149 164 #

26 1458864.0 2 11 15 16 17 18 25 26 27 30 31 40 151 154 155 165 #

26 1550106.0 10 11 12 13 26 27 34 40 53 55 68 166 167 178 179 193 #

26 1506997.0 77 126 127 128 140 141 142 143 154 155 156 169 170 171 184 185 #

27 108012.0 6 8 9 20 21 22 23 35 48 103 #

28 1539477.0 6 148 149 151 162 163 164 165 166 176 177 178 179 180 181 192 194 195 #

28 1657025.0 84 92 93 98 99 112 151 164 165 166 176 178 179 180 181 191 194 195 #

28 1558210.0 131 135 144 146 148 149 159 162 163 164 165 176 178 179 180 181 194 195 #

29 1884335.0 104 105 119 120 121 124 132 133 134 135 137 146 147 148 149 150 159 162 163 #

29 1914795.0 10 102 114 116 120 121 128 129 133 134 135 143 148 150 162 163 164 178 211 #

29 1868881.0 14 28 104 105 108 119 120 121 122 134 135 147 148 149 150 162 163 176 177 #

30 1078406.0 20 47 49 51 60 61 62 63 64 76 77 86 92 107 121 176 191 192 193 #

30 1566751.0 6 7 15 16 17 20 31 32 33 35 39 46 52 54 55 66 69 172 192 #

30 1539415.0 81 94 95 96 108 109 137 149 150 162 164 176 177 178 179 191 192 193 194 #

31 758536.0 118 133 156 169 171 184 185 #

31 664342.0 28 66 78 79 94 95 169 #

31 609741.0 156 169 171 184 185 186 187 #

32 174085.0 88 102 116 #

32 193371.0 59 102 116 #

32 147762.0 102 103 116 #

33 1251360.0 12 13 17 22 26 27 30 40 45 53 59 66 68 80 81 125 139 152 163 164 #

33 1686512.0 57 71 72 86 87 109 110 117 118 119 123 124 125 131 132 138 145 146 152 159 #

33 1646120.0 0 14 15 16 28 29 31 40 52 54 66 67 68 104 109 110 124 125 184 199 #

34 869660.0 72 73 86 87 88 100 101 105 113 115 #

34 976024.0 85 86 87 100 101 113 114 115 128 143 #

34 869559.0 86 100 113 115 128 142 143 158 171 174 #

35 357983.0 10 11 12 26 41 84 98 #

35 532442.0 12 13 26 168 169 170 183 #

35 491676.0 84 98 139 160 161 175 177 #

36 283072.0 75 90 103 #

36 404028.0 88 102 103 #

36 378341.0 75 80 88 #

37 503206.0 164 165 166 178 179 192 193 #

37 569563.0 150 164 166 167 178 179 193 #

37 501715.0 39 46 60 61 75 179 192 #

38 639065.0 66 80 81 82 95 145 160 173 #

38 744181.0 67 69 82 97 99 100 111 114 #

38 722681.0 67 68 81 94 95 109 173 199 #

39 260276.0 160 173 174 175 #

39 357570.0 173 174 187 202 #

39 346002.0 174 175 187 188 #

40 322304.0 106 107 109 122 #

40 424723.0 91 105 106 120 #

40 304048.0 94 109 110 122 #

41 679804.0 56 58 70 72 73 85 #

41 670052.0 70 85 86 92 100 104 #

41 622947.0 25 39 70 72 85 100 #

42 91944.0 140 154 #

43 637045.0 143 156 158 160 161 173 175 186 #

43 748113.0 127 128 142 143 156 171 183 184 #

43 618138.0 145 146 160 161 174 175 176 177 #

44 1225162.0 65 101 102 103 104 115 116 117 118 119 131 144 #

44 1046838.0 117 131 132 141 143 144 145 156 158 159 169 194 #

44 1032393.0 15 102 103 115 116 117 118 128 131 132 144 172 #

45 289349.0 160 175 190 203 #

45 385369.0 160 175 188 190 #

45 337629.0 153 174 175 190 #

46 106116.0 63 #

47 528228.0 107 110 120 121 134 207 #

47 764135.0 105 106 107 119 120 121 #

47 699826.0 106 119 120 121 134 147 #

48 815469.0 107 108 120 121 123 132 133 135 136 148 163 #

48 1148688.0 7 19 20 34 35 49 50 105 119 120 121 #

48 1072460.0 97 110 111 123 124 136 137 138 153 155 166 #

49 652859.0 85 86 99 100 114 115 #

49 706565.0 99 100 112 114 115 129 #

49 532325.0 70 85 99 114 115 130 #

50 85265.0 49 #

51 1237364.0 4 5 9 19 20 22 24 34 35 48 140 141 154 155 169 #

51 1265349.0 4 5 6 8 9 19 20 22 23 24 33 35 38 46 48 #

51 1243546.0 140 152 155 156 161 165 166 167 169 170 176 177 178 183 184 #

52 319460.0 158 160 173 186 #

52 411722.0 157 172 185 186 #

52 395098.0 143 144 158 171 #

53 82612.0 136 #

54 380739.0 3 53 65 119 139 152 #

54 469563.0 64 78 104 117 118 119 #

54 465321.0 1 2 3 15 16 18 #

55 92328.0 80 #

56 80417.0 148 #

57 170883.0 114 115 #

57 242040.0 114 129 #

57 161092.0 115 128 #

58 1569921.0 77 92 94 95 96 97 107 108 109 110 111 121 122 123 124 136 137 138 151 199 #

58 1699093.0 7 92 107 108 121 122 123 124 125 136 138 152 153 162 165 167 178 179 193 194 #

58 1686759.0 39 51 52 66 67 68 80 96 108 109 110 111 123 124 125 137 138 151 152 209 #

59 519616.0 0 1 2 3 15 17 #

59 584514.0 1 2 3 14 15 30 #

59 535777.0 0 1 2 3 14 15 #

60 428387.0 113 126 128 140 141 154 #

60 519784.0 62 100 113 114 126 141 #

60 408830.0 67 81 82 96 154 161 #

61 997131.0 120 135 147 148 149 161 162 175 176 177 178 191 #

61 1019370.0 8 92 106 107 108 120 121 135 148 150 162 176 #

61 975458.0 49 133 146 159 160 161 162 175 176 177 191 192 #

62 500852.0 93 106 107 109 122 124 125 137 202 #

62 744538.0 62 92 106 107 109 119 122 137 152 #

62 735682.0 16 31 50 64 79 93 94 149 164 #

63 211810.0 42 44 57 58 #

63 274904.0 44 58 73 86 #

63 194122.0 57 58 59 72 #

64 705460.0 6 7 9 10 11 20 21 22 23 24 26 36 38 #

64 986348.0 4 5 6 7 19 20 21 22 32 33 34 47 48 #

64 986053.0 7 20 21 22 23 33 34 36 37 49 50 51 64 #

65 85456.0 129 130 131 145 #

66 693467.0 52 61 63 64 66 67 76 77 78 79 80 82 89 92 102 #

66 969479.0 8 33 34 35 48 49 51 62 63 64 65 78 79 91 94 #

66 847588.0 34 48 57 58 63 78 79 81 82 92 94 118 130 131 146 #

67 341876.0 78 79 93 108 #

67 400867.0 108 162 163 176 #

67 344491.0 79 93 106 108 #

68 106572.0 212 #

69 1685407.0 52 55 64 65 66 67 68 72 73 77 78 80 86 87 89 95 102 108 207 #

69 1824826.0 57 58 62 70 71 72 73 85 88 99 110 147 160 161 165 166 179 180 198 #

69 1636549.0 15 28 42 43 44 45 46 57 58 59 60 70 71 72 73 84 85 131 146 #

70 171290.0 177 191 #

70 204976.0 164 177 #

70 98433.0 176 191 #

71 633315.0 100 102 106 115 129 196 #

71 778676.0 99 100 102 114 115 129 #

71 743022.0 87 88 100 101 102 115 #

72 166130.0 9 10 11 22 23 24 #

72 222812.0 9 10 11 23 24 38 #

73 555914.0 142 156 159 169 171 172 173 174 186 #

73 776069.0 61 63 76 131 132 144 146 159 172 #

73 760906.0 126 127 128 141 142 143 144 156 158 #

74 73964.0 72 #

75 164439.0 153 #

76 275198.0 74 95 108 #

76 251442.0 95 180 181 #

76 249043.0 108 123 146 #

77 1912268.0 8 78 90 91 92 93 95 101 104 105 106 107 108 109 116 119 120 130 131 132 133 145 182 189 #

77 2200268.0 74 88 90 97 100 101 102 103 105 110 111 116 117 120 124 125 129 130 131 144 145 157 164 172 #

77 2124705.0 6 15 43 44 60 74 75 81 88 89 90 91 92 93 102 103 104 105 106 107 117 119 132 144 #

78 344855.0 11 12 13 25 26 27 #

78 465567.0 12 13 25 26 27 40 #

78 464824.0 11 12 26 27 90 104 #

79 451073.0 104 105 117 139 202 #

79 581331.0 33 117 118 131 132 #

79 478822.0 13 26 27 40 202 #

80 39225.0 129 #

81 206387.0 116 131 #

82 4871.0 119 #

83 334868.0 152 164 165 167 178 #

83 316119.0 153 165 166 167 181 #

83 304586.0 149 150 163 164 165 #

84 132924.0 74 #

85 285737.0 67 68 81 117 #

85 402968.0 66 67 68 83 #

85 317415.0 52 53 68 83 #

86 657007.0 30 44 45 46 59 72 87 88 #

86 834010.0 59 73 75 87 88 100 106 198 #

86 709985.0 30 45 46 59 60 73 74 98 #

87 484017.0 29 30 44 45 58 #

87 552165.0 29 30 31 44 45 #

87 483052.0 15 29 30 44 45 #

88 413991.0 20 32 33 34 46 47 72 #

88 469894.0 33 34 46 47 48 60 62 #

88 442780.0 17 19 20 32 33 46 189 #

89 188520.0 109 110 124 125 138 200 #

89 191750.0 30 95 109 110 124 125 #

90 69690.0 68 82 96 #

90 61002.0 69 83 96 #

91 219867.0 86 87 #

91 138741.0 73 86 #

91 107560.0 87 172 #

92 186703.0 36 51 #

92 107179.0 51 64 #

93 137574.0 74 88 #

93 152125.0 87 88 #

93 69526.0 73 74 #

94 933391.0 116 126 127 141 142 143 156 157 169 171 #

94 1039756.0 34 48 114 121 127 128 142 143 144 156 #

94 965317.0 126 127 128 141 142 143 144 156 157 158 #

95 248204.0 15 154 155 #

95 347024.0 141 154 156 #

95 268616.0 141 154 155 #

96 471778.0 137 138 139 152 153 167 #

96 576534.0 139 152 153 165 166 167 #

96 557472.0 110 123 124 135 137 150 #

97 152501.0 45 #

98 47692.0 4 18 #

99 1039869.0 51 53 64 65 66 80 157 158 159 171 172 173 174 175 184 185 186 187 #

99 1495047.0 133 143 146 156 157 158 159 169 170 171 172 173 174 184 185 186 187 212 #

99 1483472.0 29 42 143 157 158 159 170 171 172 173 178 179 184 186 187 192 193 194 #

100 157972.0 67 #

101 510368.0 144 159 174 188 204 #

101 389117.0 173 174 186 187 188 #

101 356673.0 157 170 171 185 204 #

102 112606.0 197 #

103 1103841.0 11 12 13 25 26 27 40 151 165 166 167 178 179 #

103 1351008.0 151 152 165 166 167 178 179 180 181 192 193 194 195 #

103 1267845.0 151 164 165 166 176 177 178 179 180 181 192 193 194 #

104 243312.0 198 211 #

104 182079.0 130 198 #

105 169142.0 211 #

106 282284.0 1 15 #

106 332675.0 0 15 #

107 804132.0 48 137 149 150 161 162 163 175 176 177 178 191 #

107 1096367.0 83 97 111 124 137 150 162 163 164 176 177 178 #

107 1068995.0 29 42 49 148 149 150 162 163 175 176 177 191 #

108 324868.0 165 177 178 179 191 193 194 206 #

108 435156.0 113 127 128 161 162 176 191 206 #

108 385554.0 35 50 148 161 162 163 176 191 #

109 230923.0 5 6 7 20 35 #

109 327298.0 6 20 21 159 206 #

109 304357.0 5 20 51 65 181 #

110 123635.0 121 136 #

110 135393.0 123 136 #

110 54166.0 121 135 #

111 604793.0 50 65 80 81 94 109 #

111 558170.0 51 64 65 80 81 94 #

111 515743.0 36 49 50 51 64 65 #

112 1113547.0 64 75 125 137 138 151 152 166 179 192 194 #

112 1265257.0 16 151 162 165 166 177 179 192 193 194 195 #

112 1065460.0 135 148 149 162 166 177 179 180 181 192 194 #

113 355317.0 11 12 25 26 39 41 #

113 440235.0 11 26 39 41 135 148 #

113 424250.0 11 12 26 27 39 41 #

114 168750.0 42 57 72 #

114 220938.0 29 42 44 #

114 208760.0 58 72 149 #

115 494765.0 63 77 78 79 90 92 106 119 #

115 652731.0 7 18 59 72 93 105 106 119 #

115 628825.0 63 72 73 77 92 105 119 133 #

116 1024495.0 40 54 66 67 68 69 81 93 94 #

116 954639.0 67 81 82 94 123 124 125 138 201 #

116 912001.0 40 52 53 54 67 81 115 125 129 #

117 51524.0 92 #

118 550728.0 102 103 176 177 179 191 192 193 #

118 705432.0 59 74 87 88 90 102 103 116 #

118 702937.0 164 177 179 189 190 191 192 193 #

119 288979.0 148 159 172 174 188 #

119 416743.0 134 161 174 175 190 #

119 323989.0 161 175 187 188 190 #

120 884033.0 26 41 64 129 143 144 158 159 166 179 #

120 1126978.0 22 150 164 166 177 179 180 181 192 194 #

120 1036177.0 111 121 152 165 166 177 179 180 181 192 #

121 468062.0 26 40 41 55 105 118 119 #

121 635581.0 60 74 75 90 104 105 120 #

121 596743.0 4 19 26 39 40 41 54 #

122 227119.0 53 66 #

122 242776.0 66 81 #

123 145815.0 70 84 85 86 #

123 151149.0 56 70 84 109 #

123 91512.0 59 72 85 86 #

124 339545.0 153 166 181 #

124 442084.0 137 152 153 #

124 348980.0 153 166 167 #

125 149173.0 92 106 107 #

125 211646.0 106 107 121 #

125 167889.0 90 92 105 #

126 1904589.0 57 71 84 85 86 87 98 99 100 101 102 112 114 115 116 128 129 130 145 159 160 #

126 2100664.0 76 85 87 89 100 101 102 104 114 115 116 128 130 148 158 162 173 176 177 186 187 #

126 1983863.0 55 70 72 74 85 86 87 100 102 108 115 122 128 129 130 137 145 152 160 167 175 #

127 281425.0 151 165 #

127 110519.0 164 165 #

128 141167.0 4 18 19 #

128 179092.0 4 5 18 #

129 631738.0 4 19 20 34 40 199 #

129 585450.0 12 13 26 40 41 55 #

129 570466.0 106 118 119 132 133 199 #

130 247478.0 137 138 152 167 177 #

130 308154.0 125 138 152 153 167 #

130 279407.0 109 124 137 138 150 #

131 503614.0 59 60 72 73 85 #

131 539137.0 31 45 59 60 211 #

131 492839.0 70 72 85 139 153 #

132 4083.0 157 #

133 101840.0 42 166 181 #

133 122320.0 120 165 166 #

134 201440.0 115 129 #

134 30451.0 101 115 #

135 91438.0 38 39 #

135 37750.0 24 39 #

136 309213.0 163 164 178 #

136 318496.0 127 164 178 #

136 305797.0 149 163 164 #

137 290814.0 48 63 76 78 91 92 #

137 391974.0 46 90 91 92 105 107 #

137 370917.0 77 91 92 105 119 133 #

138 300717.0 10 13 24 39 #

138 321457.0 11 26 39 52 #

138 320970.0 12 13 26 41 #

139 376227.0 78 79 93 94 109 #

139 444063.0 79 94 109 124 125 #

139 389513.0 78 92 93 94 202 #

140 557237.0 96 97 107 111 121 123 136 140 154 #

140 779693.0 90 103 104 105 106 107 119 121 136 #

140 746974.0 78 91 92 93 106 107 108 119 121 #

141 824851.0 12 26 27 39 72 100 152 167 192 #

141 964425.0 57 72 73 84 86 99 100 175 205 #

141 900473.0 138 152 153 164 165 166 167 179 181 #

142 451702.0 164 178 179 192 193 #

142 497954.0 82 97 179 180 192 #

142 488427.0 68 164 177 178 192 #

143 1277812.0 51 63 64 72 84 87 99 100 101 103 113 114 116 128 129 157 172 187 #

143 1895892.0 57 58 59 61 72 73 74 75 78 86 87 91 100 101 104 106 145 179 #

143 1884539.0 57 71 72 74 75 86 87 88 94 101 102 112 113 114 115 116 128 161 #

144 2272874.0 52 65 67 68 79 82 88 96 103 104 109 111 115 117 118 119 121 128 129 130 131 132 133 134 135 142 143 144 145 146 157 158 160 171 172 173 174 175 184 #

144 3011596.0 26 27 40 53 54 55 67 68 81 83 85 86 87 94 96 99 100 101 112 114 115 118 119 128 129 130 131 132 133 142 143 144 145 146 156 157 160 170 207 #

144 2998439.0 4 34 35 37 47 48 49 50 52 53 58 62 63 64 65 66 76 77 79 94 95 96 109 111 124 127 131 137 140 141 142 150 154 155 160 170 175 189 190 #

145 871676.0 2 3 16 17 19 31 32 33 37 #

145 1012264.0 3 16 17 67 68 131 144 157 158 #

145 828136.0 1 2 3 14 15 17 28 29 32 #

146 312673.0 8 22 23 36 #

146 324238.0 22 35 36 146 #

146 303967.0 8 127 128 142 #

147 33593.0 19 81 #

147 36018.0 6 19 #

148 508172.0 50 63 64 78 92 93 94 #

148 672970.0 92 106 107 108 121 136 180 #

148 566261.0 20 35 36 49 50 94 109 #

149 387777.0 142 143 144 #

149 417841.0 127 142 143 #

149 375884.0 142 143 156 #

150 441601.0 12 13 26 27 39 41 120 121 194 #

150 654172.0 13 26 27 38 39 40 52 53 189 #

150 592629.0 150 158 164 165 178 179 180 194 195 #

151 834479.0 84 86 98 99 102 112 115 116 130 157 #

151 1032077.0 38 71 73 86 87 99 100 113 114 115 #

151 1004327.0 56 70 84 85 86 98 99 100 112 114 #

152 682269.0 104 117 118 119 130 131 132 133 #

152 742739.0 76 89 90 104 106 118 119 131 #

152 661349.0 117 118 119 130 131 132 133 197 #

153 12411.0 167 #

154 260525.0 6 19 #

154 153473.0 4 19 #

154 140016.0 5 6 #

155 1004217.0 34 35 36 37 48 49 50 51 52 65 80 94 95 #

155 1196878.0 20 33 34 35 37 49 50 55 65 80 81 151 198 #

155 1103045.0 20 32 33 34 35 48 49 50 51 64 65 67 80 #

156 721945.0 9 10 11 24 50 51 53 65 66 80 #

156 997064.0 19 33 34 48 51 66 79 80 93 94 #

156 961556.0 3 49 50 51 64 65 66 78 80 81 #

157 84974.0 65 #

158 91312.0 37 52 #

159 30765.0 41 #

160 1276274.0 4 5 6 8 9 18 19 20 21 22 23 24 32 33 34 46 115 116 118 130 131 132 #

160 1814145.0 85 87 98 99 100 101 112 113 114 116 128 130 131 141 142 143 145 154 156 157 170 171 #

160 1813268.0 1 2 3 4 5 6 14 16 17 18 19 20 32 33 34 47 85 99 114 115 172 181 #

161 1075445.0 57 70 124 138 139 143 151 158 159 172 173 174 188 #

161 1211033.0 40 54 55 67 68 127 142 157 158 172 173 185 186 #

161 1120139.0 100 113 115 126 128 129 142 143 156 158 159 160 173 #

162 406034.0 5 7 19 20 21 33 34 48 #

162 527385.0 4 5 6 7 20 21 33 57 #

162 517524.0 4 5 6 19 20 33 34 48 #

163 1232311.0 7 21 22 34 35 36 37 43 47 48 50 51 60 73 74 87 88 89 175 188 #

163 1731684.0 58 59 60 61 73 74 75 76 77 85 86 87 88 89 90 99 100 101 103 154 #

163 1642963.0 10 20 33 34 46 47 48 58 59 60 73 75 88 100 101 102 103 115 129 130 #

164 141102.0 88 89 102 103 #

164 130090.0 89 103 116 130 #

165 793800.0 72 92 107 122 134 135 137 150 163 #

165 792466.0 119 120 133 134 135 146 147 156 169 #

165 682420.0 96 97 109 110 122 124 137 162 163 #

166 90487.0 196 #

167 1348553.0 10 11 12 26 46 59 60 61 74 87 88 100 101 114 115 125 #

167 1461313.0 88 100 101 102 103 113 114 115 116 126 127 128 141 142 155 157 #

167 1291573.0 45 59 60 73 86 87 100 101 102 103 113 114 115 126 127 128 #

168 765505.0 87 117 130 131 132 143 144 145 146 158 159 #

168 962321.0 127 128 129 140 142 143 144 155 158 159 170 #

168 835815.0 118 129 130 131 138 144 145 146 151 158 159 #

169 152751.0 29 85 100 196 #

169 102780.0 15 59 72 85 #

170 151771.0 178 #

171 197839.0 76 89 90 #

171 227518.0 90 91 105 #

171 178045.0 76 89 103 #

172 67552.0 213 #

173 1807355.0 0 14 15 28 29 42 43 44 53 58 77 90 104 105 117 118 120 133 146 #

173 1868133.0 0 1 15 29 44 58 68 81 95 105 110 113 114 115 118 119 120 128 180 #

173 1815648.0 15 28 29 42 43 53 58 63 66 67 68 73 77 81 87 156 157 186 211 #

174 1553723.0 41 55 67 68 69 79 81 82 83 94 95 96 97 109 123 124 125 137 138 #

174 1816935.0 4 61 68 71 72 74 81 82 87 89 95 96 97 102 109 144 145 159 179 #

174 1591200.0 29 44 62 63 64 67 77 78 79 80 81 90 91 92 93 94 103 104 106 #

175 761809.0 86 99 112 142 143 157 172 #

175 807723.0 84 85 86 99 144 146 159 #

175 768418.0 143 146 158 159 172 173 186 #

176 828854.0 118 131 142 143 146 156 157 158 159 #

176 800077.0 126 127 128 141 142 143 155 156 210 #

176 786934.0 116 131 145 146 158 159 160 163 174 #

177 82901.0 201 #

178 454320.0 139 152 153 165 166 180 #

178 590569.0 45 72 87 88 152 165 #

178 561324.0 123 138 151 152 165 166 #

179 993909.0 20 32 33 34 44 45 46 48 58 60 73 79 93 210 #

179 1455043.0 16 19 31 33 34 35 36 46 48 49 63 76 77 126 #

179 1235661.0 19 31 32 33 45 46 58 60 72 73 74 87 88 177 #

180 742431.0 100 114 115 128 129 142 143 #

180 878043.0 87 99 100 112 114 128 202 #

180 717897.0 128 142 143 144 156 157 171 #

181 531863.0 157 169 170 171 184 185 #

181 563796.0 154 155 168 169 182 184 #

181 535082.0 168 170 171 183 184 185 #

182 835504.0 72 73 84 85 86 99 112 114 #

182 928044.0 33 34 53 68 85 86 99 100 #

182 904490.0 72 85 86 88 99 100 101 112 #

183 227908.0 141 142 156 157 169 #

183 225539.0 141 142 154 155 168 #

183 222669.0 113 126 141 156 171 #

184 312880.0 34 116 199 #

184 376944.0 33 34 38 #

184 333290.0 170 183 199 #

185 332473.0 23 38 52 53 130 145 #

185 483765.0 23 38 39 140 155 178 #

185 377183.0 52 53 54 76 96 110 #

186 1431618.0 59 73 85 86 87 88 89 100 101 102 113 128 181 #

186 1301793.0 33 45 46 47 60 74 75 88 98 102 153 166 181 #

186 1269299.0 69 73 83 84 85 87 88 89 100 101 102 113 115 #

187 625695.0 11 13 26 39 40 41 53 55 148 149 162 #

187 798880.0 9 10 11 13 24 25 26 41 139 153 178 #

187 791852.0 10 11 25 26 38 39 53 54 66 67 69 #

188 384078.0 155 168 169 212 #

188 430817.0 155 168 169 182 #

188 419217.0 90 104 105 212 #

189 419809.0 106 107 120 121 135 147 148 #

189 583622.0 78 92 104 105 106 118 119 #

189 486498.0 119 120 121 132 134 135 194 #

190 1036472.0 13 42 56 57 70 71 72 84 86 87 170 171 #

190 1313263.0 2 15 16 28 29 30 42 56 57 58 115 129 #

190 1305415.0 15 28 29 42 56 57 70 71 85 125 139 152 #

191 4136.0 84 #

192 154621.0 115 128 #

192 212568.0 128 143 #

192 80352.0 115 130 #

193 239295.0 84 98 99 #

193 351184.0 36 99 114 #

193 206407.0 70 71 84 #

194 584107.0 93 106 108 119 120 121 176 #

194 627345.0 49 106 108 120 121 142 201 #

194 616272.0 93 106 107 108 121 122 136 #

195 1418939.0 5 6 19 20 21 22 23 34 35 49 123 138 139 152 153 162 166 177 180 181 191 192 #

195 1874220.0 108 110 111 122 123 124 125 137 138 139 143 150 152 153 164 166 177 178 179 181 193 194 #

195 1849792.0 20 22 35 36 49 57 59 64 71 72 85 100 114 116 128 129 133 134 144 146 147 148 #

196 953580.0 77 147 148 149 163 164 165 176 177 178 179 191 192 193 #

196 1247342.0 65 87 101 102 116 131 149 163 164 165 166 177 178 212 #

196 1144421.0 39 40 53 54 55 67 68 69 83 164 179 192 193 213 #

197 194172.0 23 38 53 #

197 188033.0 23 33 34 #

197 187922.0 38 53 68 #

198 45566.0 162 177 #

199 168493.0 199 #

200 1495778.0 2 17 81 95 108 141 143 144 156 157 158 159 169 170 171 183 184 #

200 1745754.0 0 1 2 3 4 14 15 17 18 28 42 154 168 169 170 182 184 #

200 1511826.0 10 25 27 39 40 66 67 80 81 82 94 95 97 109 110 126 137 #

201 203128.0 101 116 #

201 197947.0 87 101 #

202 110859.0 110 #

203 864791.0 42 43 56 57 72 73 157 161 176 187 189 190 #

203 1189811.0 72 73 74 75 76 77 87 88 89 92 103 104 #

203 1158158.0 57 72 85 87 88 101 102 103 106 114 115 128 #

204 1751231.0 54 55 124 135 136 138 148 149 151 162 163 164 165 166 176 177 178 179 180 191 192 #

204 2141250.0 54 82 94 96 107 109 110 111 122 124 125 137 138 139 153 165 166 179 180 184 192 #

204 1986137.0 72 100 104 105 117 118 122 137 139 152 164 165 167 177 179 180 191 192 193 194 195 #

205 1187630.0 9 23 38 39 69 147 158 161 164 170 171 175 185 186 187 205 #

205 1481790.0 129 144 145 160 161 169 170 175 176 184 185 186 189 190 191 192 #

205 1435160.0 158 160 168 169 170 171 172 173 174 182 183 184 185 186 187 188 #

206 621009.0 1 20 22 34 35 37 38 50 51 65 80 95 #

206 896458.0 37 49 50 51 52 60 61 62 63 65 73 150 #

206 874775.0 37 49 50 51 52 62 65 66 77 79 80 93 #

207 1344928.0 4 5 6 19 20 35 93 94 95 96 106 107 109 110 111 112 119 121 166 #

207 1521767.0 31 45 62 63 64 76 88 89 90 102 103 104 106 107 116 119 120 121 198 #

207 1508088.0 19 77 90 98 103 104 105 112 114 115 116 117 118 119 120 129 130 132 133 #

208 196197.0 30 46 #

208 153873.0 46 210 #

208 110578.0 15 30 #

209 287650.0 19 33 47 62 83 #

209 420734.0 62 63 64 76 77 #

209 398972.0 46 47 59 60 72 #

210 1618040.0 15 16 17 29 31 32 33 42 45 46 59 60 72 73 74 213 #

210 1646273.0 16 31 32 45 46 59 60 71 72 73 74 85 86 87 100 101 #

210 1606115.0 0 2 3 14 15 16 17 29 31 37 50 51 65 100 115 128 #

211 157857.0 14 #

212 339593.0 88 103 116 #

212 368253.0 60 74 88 #

212 258964.0 52 102 116 #

213 324500.0 78 79 92 93 106 121 #

213 474892.0 77 78 79 91 147 160 #

213 424216.0 92 106 107 118 119 121 #

214 572326.0 54 56 58 70 72 84 85 86 134 #

214 820163.0 6 19 32 34 42 57 58 70 71 #

214 688547.0 15 29 44 58 71 72 84 85 87 #

215 633040.0 5 20 23 38 52 53 66 67 #

215 848593.0 4 5 19 33 34 66 67 68 #

215 738943.0 66 67 68 69 80 81 82 185 #

216 956539.0 0 1 2 3 15 16 17 32 46 59 #

216 1068625.0 0 1 2 3 15 16 17 29 31 46 #

216 1022367.0 1 2 3 4 16 17 19 31 32 34 #

217 527297.0 9 10 11 12 13 23 25 39 #

217 672249.0 11 12 13 26 27 40 41 53 #

217 646776.0 16 27 39 40 41 53 54 67 #

218 2428741.0 2 15 16 17 29 30 33 42 43 44 45 46 47 52 58 66 73 74 78 79 84 85 87 93 94 99 127 151 152 165 166 181 #

218 3072838.0 15 29 30 43 44 45 93 94 106 107 108 109 110 111 121 122 123 124 135 137 138 151 152 153 165 166 167 179 180 181 194 195 #

218 2991166.0 35 50 51 65 77 90 94 97 103 109 110 111 123 124 125 136 137 138 139 151 152 153 164 165 166 167 178 179 180 181 192 195 #

219 1487592.0 14 20 31 45 59 60 61 62 74 75 164 165 166 179 180 194 200 #

219 1587355.0 44 45 46 59 60 61 73 74 75 88 90 91 92 104 105 106 107 #

219 1519529.0 0 15 17 30 31 43 44 45 58 59 61 62 76 77 89 90 104 #

220 840718.0 96 110 111 147 164 178 179 180 192 193 194 #

220 1165570.0 40 54 66 67 68 81 82 96 97 110 111 #

220 1115942.0 50 51 65 66 80 81 166 180 181 195 209 #


